===LAUE4 WAVELENGTH CALIBRATION FILE===
Instrument: KOALA     Calibration date: 12:00:00 13/03/2013      
Comments: Best compromise generated from three KOALA experiments
     0.5        0.000191
   0.501        0.000269
   0.502        0.000281
   0.503        0.000293
   0.504        0.000305
   0.505        0.000316
   0.506        0.000328
   0.507        0.000341
   0.508        0.000358
   0.509        0.000371
    0.51        0.000386
   0.511          0.0004
   0.512        0.000418
   0.513        0.000436
   0.514        0.000454
   0.515         0.00047
   0.516        0.000489
   0.517        0.000506
   0.518        0.000525
   0.519        0.000544
    0.52        0.000565
   0.521        0.000587
   0.522         0.00061
   0.523        0.000634
   0.524        0.000657
   0.525        0.000682
   0.526        0.000707
   0.527        0.000733
   0.528        0.000761
   0.529        0.000787
    0.53        0.000819
   0.531        0.000848
   0.532        0.000879
   0.533         0.00091
   0.534        0.000944
   0.535        0.000977
   0.536         0.00101
   0.537        0.001046
   0.538        0.001083
   0.539        0.001122
    0.54         0.00116
   0.541          0.0012
   0.542         0.00124
   0.543        0.001283
   0.544        0.001327
   0.545        0.001372
   0.546        0.001416
   0.547        0.001464
   0.548         0.00151
   0.549        0.001561
    0.55        0.001612
   0.551        0.001667
   0.552         0.00172
   0.553        0.001774
   0.554        0.001832
   0.555         0.00189
   0.556        0.001949
   0.557         0.00201
   0.558        0.002072
   0.559        0.002137
    0.56        0.002202
   0.561        0.002271
   0.562        0.002339
   0.563        0.002409
   0.564        0.002482
   0.565        0.002556
   0.566        0.002633
   0.567        0.002709
   0.568         0.00279
   0.569        0.002873
    0.57        0.002956
   0.571         0.00304
   0.572        0.003127
   0.573        0.003216
   0.574        0.003308
   0.575        0.003403
   0.576        0.003498
   0.577        0.003598
   0.578        0.003699
   0.579        0.003802
    0.58        0.003907
   0.581        0.004014
   0.582        0.004124
   0.583        0.004238
   0.584        0.004354
   0.585        0.004472
   0.586         0.00459
   0.587        0.004715
   0.588        0.004839
   0.589        0.004969
    0.59        0.005099
   0.591        0.005233
   0.592         0.00537
   0.593        0.005509
   0.594        0.005652
   0.595        0.005798
   0.596        0.005945
   0.597        0.006097
   0.598        0.006252
   0.599        0.006409
     0.6         0.00657
   0.601        0.006735
   0.602        0.006901
   0.603        0.007074
   0.604        0.007247
   0.605        0.007425
   0.606        0.007606
   0.607         0.00779
   0.608        0.007979
   0.609        0.008171
    0.61        0.008367
   0.611        0.008566
   0.612         0.00877
   0.613        0.008975
   0.614        0.009186
   0.615        0.009401
   0.616        0.009617
   0.617        0.009841
   0.618        0.010068
   0.619        0.010297
    0.62        0.010533
   0.621        0.010772
   0.622        0.011015
   0.623        0.011262
   0.624        0.011513
   0.625        0.011771
   0.626        0.012032
   0.627        0.012299
   0.628        0.012565
   0.629         0.01284
    0.63        0.013118
   0.631        0.013402
   0.632        0.013692
   0.633        0.013985
   0.634        0.014281
   0.635        0.014585
   0.636        0.014893
   0.637        0.015205
   0.638        0.015521
   0.639        0.015844
    0.64        0.016173
   0.641        0.016507
   0.642        0.016844
   0.643        0.017189
   0.644        0.017538
   0.645        0.017892
   0.646        0.018251
   0.647        0.018617
   0.648        0.018988
   0.649        0.019366
    0.65        0.019748
   0.651        0.020136
   0.652        0.020529
   0.653        0.020927
   0.654        0.021332
   0.655        0.021741
   0.656        0.022157
   0.657        0.022578
   0.658        0.023002
   0.659        0.023436
    0.66        0.023873
   0.661        0.024316
   0.662        0.024766
   0.663         0.02522
   0.664        0.025681
   0.665        0.026147
   0.666        0.026619
   0.667        0.027096
   0.668        0.027579
   0.669        0.028067
    0.67        0.028562
   0.671        0.029063
   0.672         0.02957
   0.673        0.030082
   0.674          0.0306
   0.675        0.031125
   0.676        0.031656
   0.677        0.032191
   0.678        0.032733
   0.679         0.03328
    0.68        0.033833
   0.681        0.034392
   0.682        0.034959
   0.683        0.035532
   0.684        0.036109
   0.685        0.036693
   0.686        0.037281
   0.687        0.037875
   0.688        0.038477
   0.689        0.039084
    0.69        0.039697
   0.691        0.040315
   0.692         0.04094
   0.693         0.04157
   0.694        0.042206
   0.695        0.042848
   0.696        0.043496
   0.697        0.044149
   0.698        0.044809
   0.699        0.045473
     0.7        0.046145
   0.701        0.046823
   0.702        0.047505
   0.703        0.048193
   0.704        0.048886
   0.705        0.049585
   0.706         0.05029
   0.707        0.051001
   0.708        0.051718
   0.709        0.052438
    0.71        0.053166
   0.711        0.053902
   0.712        0.054649
   0.713        0.055402
   0.714        0.056166
   0.715        0.056939
   0.716        0.057721
   0.717        0.058515
   0.718        0.059318
   0.719         0.06013
    0.72        0.060952
   0.721        0.061783
   0.722        0.062627
   0.723         0.06348
   0.724        0.064344
   0.725        0.065219
   0.726        0.066104
   0.727           0.067
   0.728        0.067908
   0.729        0.068827
    0.73        0.069757
   0.731        0.070699
   0.732        0.071652
   0.733        0.072617
   0.734        0.073594
   0.735        0.074582
   0.736        0.075583
   0.737        0.076598
   0.738        0.077623
   0.739        0.078662
    0.74        0.079714
   0.741        0.080779
   0.742        0.081856
   0.743        0.082948
   0.744        0.084052
   0.745        0.085171
   0.746        0.086303
   0.747        0.087449
   0.748         0.08861
   0.749        0.089784
    0.75        0.090973
   0.751        0.092179
   0.752        0.093407
   0.753        0.094648
   0.754        0.095899
   0.755        0.097161
   0.756        0.098433
   0.757        0.099716
   0.758        0.101011
   0.759        0.102316
    0.76        0.103633
   0.761        0.104959
   0.762        0.106298
   0.763        0.107647
   0.764        0.109007
   0.765        0.110378
   0.766        0.111759
   0.767        0.113151
   0.768        0.114554
   0.769        0.115967
    0.77        0.117393
   0.771        0.118829
   0.772        0.120276
   0.773        0.121735
   0.774        0.123204
   0.775        0.124684
   0.776        0.126176
   0.777        0.127678
   0.778        0.129191
   0.779        0.130716
    0.78        0.132251
   0.781        0.133796
   0.782        0.135353
   0.783        0.136921
   0.784        0.138499
   0.785         0.14009
   0.786        0.141701
   0.787        0.143331
   0.788        0.144967
   0.789        0.146605
    0.79        0.148244
   0.791         0.14988
   0.792         0.15151
   0.793        0.153134
   0.794        0.154757
   0.795        0.156377
   0.796        0.157992
   0.797        0.159606
   0.798         0.16122
   0.799        0.162836
     0.8        0.164455
   0.801        0.166072
   0.802        0.167691
   0.803        0.169317
   0.804        0.170947
   0.805        0.172582
   0.806        0.174219
   0.807         0.17586
   0.808        0.177509
   0.809        0.179163
    0.81        0.180821
   0.811        0.182483
   0.812        0.184154
   0.813        0.185832
   0.814        0.187516
   0.815        0.189207
   0.816        0.190904
   0.817        0.192609
   0.818         0.19432
   0.819        0.196039
    0.82        0.197764
   0.821        0.199499
   0.822        0.201243
   0.823        0.202998
   0.824        0.204763
   0.825        0.206537
   0.826        0.208316
   0.827        0.210106
   0.828        0.211915
   0.829        0.213732
    0.83        0.215557
   0.831        0.217395
   0.832        0.219246
   0.833        0.221109
   0.834        0.222985
   0.835        0.224875
   0.836        0.226782
   0.837        0.228705
   0.838        0.230639
   0.839        0.232564
    0.84        0.234485
   0.841        0.236426
   0.842        0.238389
   0.843        0.240376
   0.844        0.242389
   0.845        0.244429
   0.846        0.246495
   0.847        0.248587
   0.848        0.250707
   0.849        0.252854
    0.85        0.255026
   0.851        0.257224
   0.852        0.259447
   0.853        0.261697
   0.854        0.263973
   0.855        0.266272
   0.856        0.268593
   0.857        0.270938
   0.858        0.273298
   0.859        0.275675
    0.86        0.278074
   0.861        0.280484
   0.862        0.282907
   0.863        0.285344
   0.864        0.287793
   0.865        0.290254
   0.866        0.292724
   0.867        0.295204
   0.868        0.297694
   0.869        0.300194
    0.87        0.302703
   0.871        0.305217
   0.872         0.30774
   0.873        0.310267
   0.874        0.312797
   0.875        0.315333
   0.876        0.317867
   0.877        0.320399
   0.878        0.322926
   0.879        0.325439
    0.88        0.327943
   0.881        0.330432
   0.882        0.332905
   0.883        0.335357
   0.884        0.337785
   0.885        0.340193
   0.886        0.342579
   0.887        0.344937
   0.888        0.347262
   0.889        0.349559
    0.89        0.351827
   0.891        0.354063
   0.892        0.356273
   0.893        0.358457
   0.894        0.360624
   0.895        0.362773
   0.896        0.364906
   0.897        0.367032
   0.898        0.369148
   0.899        0.371259
     0.9        0.373374
   0.901        0.375489
   0.902         0.37761
   0.903        0.379733
   0.904        0.381866
   0.905        0.384014
   0.906        0.386184
   0.907        0.388378
   0.908        0.390596
   0.909        0.392835
    0.91        0.395102
   0.911        0.397412
   0.912        0.399763
   0.913        0.402149
   0.914        0.404562
   0.915        0.407004
   0.916        0.409478
   0.917        0.411981
   0.918        0.414514
   0.919         0.41707
    0.92        0.419641
   0.921        0.422234
   0.922        0.424845
   0.923        0.427469
   0.924        0.430099
   0.925        0.432734
   0.926         0.43538
   0.927        0.438031
   0.928        0.440682
   0.929        0.443332
    0.93        0.445977
   0.931        0.448628
   0.932         0.45128
   0.933        0.453929
   0.934        0.456573
   0.935        0.459216
   0.936         0.46186
   0.937        0.464506
   0.938        0.467156
   0.939        0.469806
    0.94         0.47246
   0.941        0.475121
   0.942        0.477787
   0.943         0.48046
   0.944        0.483131
   0.945        0.485806
   0.946        0.488494
   0.947        0.491199
   0.948        0.493924
   0.949        0.496677
    0.95        0.499449
   0.951        0.502247
   0.952        0.505067
   0.953        0.507918
   0.954        0.510798
   0.955        0.513705
   0.956        0.516644
   0.957        0.519621
   0.958         0.52264
   0.959        0.525702
    0.96        0.528801
   0.961         0.53194
   0.962        0.535124
   0.963        0.538341
   0.964        0.541587
   0.965        0.544884
   0.966        0.548216
   0.967        0.551579
   0.968        0.554972
   0.969        0.558399
    0.97        0.561851
   0.971        0.565323
   0.972         0.56881
   0.973        0.572311
   0.974        0.575815
   0.975        0.579318
   0.976        0.582819
   0.977        0.586307
   0.978        0.589775
   0.979        0.593216
    0.98        0.596624
   0.981        0.600003
   0.982        0.603349
   0.983        0.606648
   0.984        0.609904
   0.985        0.613129
   0.986        0.616321
   0.987        0.619469
   0.988        0.622579
   0.989        0.625656
    0.99        0.628673
   0.991        0.631642
   0.992        0.634564
   0.993        0.637444
   0.994        0.640279
   0.995        0.643074
   0.996        0.645828
   0.997        0.648546
   0.998        0.651225
   0.999        0.653855
       1        0.656443
   1.001        0.659001
   1.002        0.661528
   1.003        0.664016
   1.004        0.666471
   1.005        0.668894
   1.006        0.671275
   1.007        0.673609
   1.008        0.675898
   1.009        0.678137
    1.01        0.680331
   1.011        0.682476
   1.012        0.684578
   1.013        0.686633
   1.014         0.68863
   1.015        0.690593
   1.016        0.692514
   1.017        0.694381
   1.018        0.696212
   1.019        0.698011
    1.02         0.69977
   1.021        0.701498
   1.022        0.703209
   1.023        0.704902
   1.024        0.706606
   1.025        0.708329
   1.026        0.710074
   1.027        0.711854
   1.028        0.713671
   1.029        0.715534
    1.03        0.717449
   1.031        0.719416
   1.032        0.721425
   1.033        0.723472
   1.034        0.725556
   1.035        0.727672
   1.036        0.729817
   1.037        0.731967
   1.038        0.734118
   1.039         0.73627
    1.04         0.73841
   1.041        0.740529
   1.042        0.742638
   1.043         0.74474
   1.044        0.746818
   1.045        0.748867
   1.046        0.750899
   1.047        0.752914
   1.048        0.754895
   1.049        0.756836
    1.05        0.758733
   1.051        0.760584
   1.052        0.762383
   1.053        0.764136
   1.054        0.765842
   1.055         0.76749
   1.056        0.769087
   1.057        0.770628
   1.058          0.7721
   1.059        0.773506
    1.06         0.77485
   1.061        0.776136
   1.062         0.77739
   1.063        0.778646
   1.064         0.77987
   1.065        0.781047
   1.066        0.782223
   1.067        0.783401
   1.068        0.784573
   1.069        0.785765
    1.07        0.786995
   1.071        0.788257
   1.072        0.789559
   1.073        0.790894
   1.074        0.792273
   1.075        0.793722
   1.076        0.795245
   1.077        0.796846
   1.078        0.798529
   1.079        0.800295
    1.08        0.802132
   1.081        0.804046
   1.082        0.806033
   1.083        0.808084
   1.084        0.810203
   1.085        0.812381
   1.086        0.814605
   1.087        0.816888
   1.088        0.819222
   1.089        0.821582
    1.09        0.823971
   1.091        0.826373
   1.092        0.828764
   1.093        0.831142
   1.094        0.833506
   1.095        0.835834
   1.096        0.838106
   1.097        0.840329
   1.098        0.842515
   1.099        0.844636
     1.1        0.846665
   1.101        0.848624
   1.102        0.850524
   1.103        0.852333
   1.104        0.854049
   1.105        0.855704
   1.106        0.857283
   1.107        0.858773
   1.108        0.860182
   1.109        0.861516
    1.11        0.862774
   1.111        0.863946
   1.112        0.865023
   1.113        0.866037
   1.114        0.866996
   1.115        0.867909
   1.116         0.86883
   1.117        0.869708
   1.118        0.870535
   1.119         0.87137
    1.12        0.872198
   1.121        0.873018
   1.122        0.873879
   1.123        0.874771
   1.124        0.875687
   1.125        0.876642
   1.126        0.877608
   1.127        0.878624
   1.128          0.8797
   1.129        0.880789
    1.13        0.881912
   1.131        0.883067
   1.132        0.884238
   1.133        0.885465
   1.134        0.886744
   1.135        0.888089
   1.136        0.889517
   1.137        0.891045
   1.138        0.892653
   1.139        0.894343
    1.14        0.896136
   1.141        0.898017
   1.142        0.899957
   1.143        0.901975
   1.144        0.904045
   1.145        0.906156
   1.146        0.908299
   1.147        0.910463
   1.148        0.912646
   1.149        0.914836
    1.15        0.916994
   1.151        0.919124
   1.152        0.921232
   1.153        0.923301
   1.154        0.925355
   1.155        0.927386
   1.156        0.929379
   1.157        0.931335
   1.158         0.93325
   1.159        0.935112
    1.16        0.936911
   1.161        0.938656
   1.162        0.940341
   1.163        0.941952
   1.164        0.943477
   1.165        0.944916
   1.166        0.946291
   1.167        0.947569
   1.168        0.948754
   1.169        0.949893
    1.17        0.950931
   1.171        0.951879
   1.172          0.9528
   1.173        0.953637
   1.174         0.95439
   1.175        0.955109
   1.176        0.955786
   1.177        0.956419
   1.178        0.957016
   1.179        0.957579
    1.18        0.958121
   1.181        0.958639
   1.182        0.959148
   1.183         0.95966
   1.184        0.960179
   1.185        0.960696
   1.186        0.961213
   1.187        0.961767
   1.188        0.962348
   1.189        0.962921
    1.19        0.963575
   1.191        0.964277
   1.192        0.964971
   1.193        0.965733
   1.194        0.966498
   1.195        0.967256
   1.196        0.968067
   1.197        0.968879
   1.198        0.969701
   1.199         0.97054
     1.2        0.971355
   1.201        0.972165
   1.202        0.972934
   1.203        0.973656
   1.204        0.974354
   1.205        0.974993
   1.206        0.975518
   1.207        0.975942
   1.208        0.976312
   1.209        0.976508
    1.21        0.976589
   1.211        0.976632
   1.212        0.976509
   1.213        0.976276
   1.214        0.975976
   1.215        0.975556
   1.216         0.97506
   1.217          0.9745
   1.218         0.97386
   1.219        0.973139
    1.22        0.972375
   1.221        0.971587
   1.222        0.970778
   1.223        0.969957
   1.224        0.969139
   1.225        0.968365
   1.226        0.967608
   1.227        0.966894
   1.228         0.96626
   1.229        0.965635
    1.23        0.965097
   1.231        0.964658
   1.232        0.964245
   1.233        0.963945
   1.234        0.963749
   1.235        0.963613
   1.236         0.96355
   1.237         0.96357
   1.238        0.963673
   1.239        0.963839
    1.24        0.964115
   1.241        0.964459
   1.242        0.964848
   1.243        0.965308
   1.244        0.965816
   1.245        0.966382
   1.246        0.966982
   1.247        0.967605
   1.248        0.968273
   1.249        0.968972
    1.25        0.969689
   1.251        0.970391
   1.252        0.971084
   1.253        0.971781
   1.254        0.972451
   1.255        0.973111
   1.256        0.973763
   1.257        0.974396
   1.258         0.97498
   1.259        0.975584
    1.26        0.976225
   1.261        0.976837
   1.262         0.97745
   1.263        0.978047
   1.264        0.978617
   1.265        0.979167
   1.266        0.979707
   1.267        0.980218
   1.268        0.980727
   1.269        0.981235
    1.27        0.981722
   1.271        0.982189
   1.272        0.982651
   1.273        0.983108
   1.274        0.983536
   1.275        0.983969
   1.276         0.98439
   1.277        0.984777
   1.278        0.985148
   1.279        0.985479
    1.28        0.985787
   1.281        0.986062
   1.282        0.986291
   1.283        0.986506
   1.284         0.98669
   1.285        0.986844
   1.286        0.986976
   1.287        0.987086
   1.288        0.987156
   1.289        0.987198
    1.29        0.987213
   1.291         0.98721
   1.292        0.987192
   1.293        0.987133
   1.294         0.98705
   1.295        0.986939
   1.296        0.986819
   1.297        0.986651
   1.298        0.986434
   1.299        0.986189
     1.3        0.985895
   1.301        0.985588
   1.302        0.985228
   1.303        0.984832
   1.304        0.984426
   1.305        0.983953
   1.306        0.983439
   1.307        0.982881
   1.308        0.982287
   1.309        0.981646
    1.31        0.980935
   1.311        0.980172
   1.312        0.979358
   1.313        0.978493
   1.314         0.97757
   1.315        0.976585
   1.316        0.975539
   1.317        0.974419
   1.318        0.973236
   1.319        0.971972
    1.32        0.970633
   1.321        0.969218
   1.322        0.967719
   1.323        0.966151
   1.324          0.9645
   1.325        0.962746
   1.326        0.960956
   1.327        0.959111
   1.328        0.957226
   1.329        0.955336
    1.33        0.953437
   1.331        0.951543
   1.332        0.949653
   1.333        0.947789
   1.334        0.945956
   1.335        0.944172
   1.336        0.942469
   1.337        0.940841
   1.338        0.939309
   1.339         0.93786
    1.34        0.936518
   1.341         0.93529
   1.342        0.934183
   1.343        0.933213
   1.344        0.932379
   1.345         0.93168
   1.346        0.931074
   1.347        0.930604
   1.348         0.93026
   1.349         0.93003
    1.35        0.929933
   1.351        0.929953
   1.352        0.930085
   1.353        0.930322
   1.354        0.930629
   1.355        0.931005
   1.356         0.93144
   1.357        0.931916
   1.358        0.932422
   1.359        0.932939
    1.36         0.93347
   1.361        0.934007
   1.362        0.934543
   1.363        0.935067
   1.364        0.935569
   1.365        0.936045
   1.366        0.936489
   1.367        0.936902
   1.368        0.937276
   1.369        0.937619
    1.37        0.937928
   1.371        0.938202
   1.372        0.938439
   1.373        0.938622
   1.374        0.938777
   1.375        0.938912
   1.376        0.939038
   1.377        0.939148
   1.378        0.939246
   1.379        0.939332
    1.38        0.939419
   1.381          0.9395
   1.382        0.939584
   1.383        0.939677
   1.384        0.939755
   1.385        0.939828
   1.386        0.939892
   1.387        0.939948
   1.388        0.939983
   1.389        0.939999
    1.39        0.939992
   1.391        0.939961
   1.392        0.939922
   1.393        0.939881
   1.394        0.939822
   1.395        0.939736
   1.396        0.939615
   1.397        0.939464
   1.398        0.939298
   1.399        0.939109
     1.4        0.938901
   1.401        0.938666
   1.402        0.938399
   1.403        0.938112
   1.404        0.937797
   1.405        0.937452
   1.406        0.937084
   1.407        0.936678
   1.408        0.936264
   1.409        0.935817
    1.41         0.93535
   1.411        0.934844
   1.412        0.934301
   1.413        0.933737
   1.414        0.933142
   1.415        0.932521
   1.416        0.931871
   1.417        0.931198
   1.418         0.93049
   1.419         0.92975
    1.42        0.928995
   1.421        0.928234
   1.422        0.927463
   1.423        0.926681
   1.424        0.925895
   1.425        0.925097
   1.426        0.924296
   1.427        0.923475
   1.428        0.922639
   1.429        0.921789
    1.43        0.920925
   1.431        0.920045
   1.432        0.919148
   1.433        0.918231
   1.434        0.917295
   1.435        0.916337
   1.436        0.915355
   1.437        0.914358
   1.438        0.913339
   1.439        0.912305
    1.44        0.911257
   1.441        0.910184
   1.442        0.909096
   1.443        0.907996
   1.444        0.906875
   1.445         0.90573
   1.446        0.904572
   1.447        0.903421
   1.448        0.902277
   1.449         0.90114
    1.45        0.900011
   1.451         0.89889
   1.452        0.897784
   1.453        0.896689
   1.454        0.895608
   1.455        0.894547
   1.456        0.893504
   1.457        0.892473
   1.458         0.89146
   1.459        0.890461
    1.46        0.889476
   1.461        0.888508
   1.462        0.887552
   1.463        0.886604
   1.464        0.885661
   1.465        0.884706
   1.466        0.883751
   1.467        0.882781
   1.468        0.881809
   1.469        0.880822
    1.47        0.879821
   1.471        0.878797
   1.472        0.877751
   1.473        0.876691
   1.474        0.875621
   1.475        0.874542
   1.476        0.873452
   1.477        0.872351
   1.478        0.871237
   1.479        0.870128
    1.48        0.869007
   1.481        0.867882
   1.482         0.86675
   1.483        0.865645
   1.484        0.864511
   1.485        0.863377
   1.486        0.862225
   1.487        0.861061
   1.488        0.859885
   1.489        0.858703
    1.49        0.857507
   1.491        0.856293
   1.492        0.855066
   1.493        0.853819
   1.494        0.852541
   1.495        0.851236
   1.496        0.849892
   1.497        0.848523
   1.498        0.847118
   1.499        0.845681
     1.5        0.844217
   1.501        0.842723
   1.502        0.841203
   1.503        0.839655
   1.504        0.838089
   1.505        0.836503
   1.506          0.8349
   1.507        0.833275
   1.508        0.831616
   1.509        0.829934
    1.51        0.828237
   1.511        0.826526
   1.512        0.824798
   1.513         0.82306
   1.514        0.821315
   1.515        0.819562
   1.516        0.817808
   1.517        0.816042
   1.518         0.81429
   1.519        0.812534
    1.52        0.810799
   1.521        0.809065
   1.522        0.807356
   1.523        0.805648
   1.524        0.803954
   1.525         0.80227
   1.526        0.800587
   1.527        0.798905
   1.528         0.79722
   1.529         0.79554
    1.53        0.793869
   1.531        0.792206
   1.532        0.790549
   1.533          0.7889
   1.534        0.787254
   1.535        0.785613
   1.536        0.783975
   1.537        0.782341
   1.538        0.780712
   1.539        0.779085
    1.54        0.777453
   1.541        0.775821
   1.542        0.774182
   1.543        0.772536
   1.544        0.770872
   1.545        0.769196
   1.546        0.767497
   1.547        0.765786
   1.548        0.764039
   1.549        0.762281
    1.55        0.760504
   1.551        0.758717
   1.552        0.756918
   1.553        0.755096
   1.554        0.753243
   1.555         0.75137
   1.556        0.749475
   1.557        0.747558
   1.558        0.745623
   1.559        0.743672
    1.56        0.741711
   1.561        0.739736
   1.562        0.737752
   1.563        0.735752
   1.564        0.733754
   1.565        0.731757
   1.566        0.729764
   1.567        0.727767
   1.568        0.725778
   1.569        0.723802
    1.57        0.721836
   1.571        0.719892
   1.572        0.717954
   1.573        0.716037
   1.574        0.714124
   1.575        0.712231
   1.576         0.71034
   1.577        0.708473
   1.578        0.706611
   1.579        0.704782
    1.58        0.702962
   1.581        0.701171
   1.582         0.69938
   1.583        0.697609
   1.584        0.695857
   1.585        0.694121
   1.586          0.6924
   1.587        0.690703
   1.588        0.689035
   1.589        0.687398
    1.59        0.685799
   1.591        0.684245
   1.592        0.682739
   1.593        0.681276
   1.594        0.679848
   1.595        0.678488
   1.596        0.677181
   1.597        0.675957
   1.598        0.674812
   1.599        0.673737
     1.6        0.672719
   1.601        0.671776
   1.602        0.670891
   1.603         0.67008
   1.604        0.669322
   1.605        0.668628
   1.606        0.667993
   1.607         0.66742
   1.608        0.666907
   1.609        0.666449
    1.61        0.666037
   1.611        0.665669
   1.612        0.665335
   1.613        0.665033
   1.614        0.664756
   1.615        0.664499
   1.616        0.664256
   1.617        0.664023
   1.618        0.663796
   1.619        0.663565
    1.62        0.663329
   1.621        0.663081
   1.622        0.662823
   1.623        0.662552
   1.624        0.662263
   1.625        0.661951
   1.626         0.66161
   1.627        0.661245
   1.628         0.66085
   1.629        0.660426
    1.63         0.65997
   1.631         0.65949
   1.632        0.658982
   1.633         0.65844
   1.634        0.657868
   1.635        0.657269
   1.636        0.656651
   1.637        0.655997
   1.638         0.65532
   1.639        0.654612
    1.64        0.653878
   1.641        0.653119
   1.642        0.652333
   1.643        0.651517
   1.644        0.650669
   1.645        0.649801
   1.646        0.648907
   1.647        0.647992
   1.648         0.64706
   1.649         0.64611
    1.65        0.645147
   1.651        0.644175
   1.652        0.643195
   1.653        0.642217
   1.654         0.64124
   1.655        0.640263
   1.656        0.639284
   1.657        0.638318
   1.658        0.637368
   1.659        0.636424
    1.66        0.635495
   1.661        0.634565
   1.662        0.633653
   1.663         0.63274
   1.664        0.631844
   1.665         0.63095
   1.666        0.630079
   1.667        0.629215
   1.668        0.628368
   1.669         0.62753
    1.67        0.626696
   1.671        0.625875
   1.672        0.625072
   1.673        0.624284
   1.674         0.62351
   1.675        0.622752
   1.676        0.622014
   1.677        0.621288
   1.678        0.620577
   1.679        0.619879
    1.68        0.619192
   1.681        0.618519
   1.682        0.617862
   1.683        0.617217
   1.684        0.616578
   1.685        0.615954
   1.686         0.61533
   1.687        0.614727
   1.688         0.61413
   1.689        0.613543
    1.69        0.612951
   1.691        0.612357
   1.692        0.611765
   1.693        0.611173
   1.694         0.61058
   1.695        0.609977
   1.696        0.609374
   1.697        0.608756
   1.698        0.608127
   1.699        0.607478
     1.7        0.606812
   1.701        0.606129
   1.702        0.605428
   1.703        0.604709
   1.704        0.603972
   1.705        0.603225
   1.706        0.602461
   1.707        0.601678
   1.708        0.600882
   1.709         0.60007
    1.71        0.599247
   1.711        0.598417
   1.712        0.597578
   1.713         0.59673
   1.714        0.595863
   1.715        0.594984
   1.716         0.59409
   1.717        0.593198
   1.718        0.592302
   1.719        0.591406
    1.72        0.590511
   1.721        0.589622
   1.722        0.588753
   1.723        0.587881
   1.724        0.587021
   1.725        0.586166
   1.726        0.585311
   1.727        0.584466
   1.728         0.58363
   1.729        0.582805
    1.73        0.581987
   1.731        0.581181
   1.732        0.580386
   1.733        0.579596
   1.734        0.578816
   1.735        0.578042
   1.736        0.577275
   1.737        0.576512
   1.738        0.575754
   1.739           0.575
    1.74        0.574253
   1.741        0.573514
   1.742        0.572767
   1.743        0.572013
   1.744        0.571256
   1.745        0.570495
   1.746        0.569731
   1.747        0.568965
   1.748        0.568192
   1.749        0.567408
    1.75        0.566618
   1.751        0.565817
   1.752        0.565003
   1.753        0.564187
   1.754        0.563373
   1.755        0.562543
   1.756        0.561712
   1.757        0.560864
   1.758        0.559996
   1.759        0.559116
    1.76        0.558215
   1.761        0.557299
   1.762        0.556355
   1.763         0.55539
   1.764        0.554418
   1.765        0.553419
   1.766        0.552409
   1.767        0.551377
   1.768         0.55033
   1.769        0.549259
    1.77        0.548176
   1.771        0.547079
   1.772        0.545969
   1.773        0.544845
   1.774        0.543699
   1.775        0.542527
   1.776        0.541336
   1.777        0.540129
   1.778        0.538919
   1.779        0.537696
    1.78        0.536464
   1.781        0.535226
   1.782        0.533973
   1.783        0.532726
   1.784        0.531477
   1.785        0.530227
   1.786        0.528987
   1.787        0.527748
   1.788        0.526526
   1.789        0.525312
    1.79        0.524113
   1.791        0.522928
   1.792         0.52174
   1.793        0.520577
   1.794         0.51942
   1.795        0.518283
   1.796        0.517158
   1.797        0.516048
   1.798        0.514955
   1.799         0.51387
     1.8        0.512804
   1.801        0.511754
   1.802        0.510724
   1.803        0.509711
   1.804        0.508717
   1.805        0.507742
   1.806        0.506778
   1.807        0.505834
   1.808        0.504907
   1.809        0.504003
    1.81         0.50312
   1.811        0.502256
   1.812        0.501437
   1.813        0.500645
   1.814        0.499884
   1.815        0.499154
   1.816        0.498446
   1.817        0.497771
   1.818         0.49711
   1.819         0.49649
    1.82        0.495902
   1.821        0.495344
   1.822        0.494815
   1.823        0.494305
   1.824        0.493826
   1.825         0.49336
   1.826        0.492922
   1.827         0.49251
   1.828        0.492113
   1.829        0.491736
    1.83        0.491375
   1.831        0.491034
   1.832        0.490712
   1.833        0.490407
   1.834         0.49012
   1.835        0.489847
   1.836        0.489591
   1.837        0.489355
   1.838        0.489141
   1.839        0.488947
    1.84        0.488763
   1.841        0.488588
   1.842        0.488426
   1.843        0.488272
   1.844        0.488126
   1.845        0.487992
   1.846        0.487864
   1.847        0.487748
   1.848        0.487639
   1.849        0.487543
    1.85        0.487457
   1.851        0.487374
   1.852        0.487304
   1.853        0.487254
   1.854        0.487213
   1.855        0.487175
   1.856        0.487139
   1.857         0.48711
   1.858        0.487088
   1.859        0.487064
    1.86        0.487038
   1.861        0.487009
   1.862        0.486968
   1.863         0.48692
   1.864        0.486859
   1.865        0.486781
   1.866        0.486692
   1.867        0.486585
   1.868        0.486462
   1.869        0.486312
    1.87        0.486141
   1.871        0.485953
   1.872        0.485736
   1.873        0.485496
   1.874        0.485235
   1.875        0.484952
   1.876        0.484651
   1.877        0.484328
   1.878        0.483981
   1.879        0.483615
    1.88        0.483231
   1.881        0.482825
   1.882        0.482405
   1.883        0.481971
   1.884        0.481516
   1.885        0.481041
   1.886        0.480543
   1.887         0.48003
   1.888          0.4795
   1.889         0.47895
    1.89        0.478386
   1.891        0.477804
   1.892        0.477208
   1.893        0.476599
   1.894        0.475967
   1.895        0.475316
   1.896        0.474653
   1.897        0.473974
   1.898        0.473284
   1.899        0.472577
     1.9        0.471857
   1.901        0.471126
   1.902        0.470381
   1.903        0.469625
   1.904        0.468858
   1.905        0.468081
   1.906        0.467296
   1.907        0.466502
   1.908        0.465699
   1.909        0.464893
    1.91        0.464084
   1.911        0.463271
   1.912        0.462456
   1.913        0.461642
   1.914        0.460824
   1.915        0.460009
   1.916        0.459191
   1.917        0.458376
   1.918        0.457563
   1.919         0.45675
    1.92        0.455941
   1.921        0.455131
   1.922        0.454321
   1.923        0.453514
   1.924        0.452702
   1.925         0.45189
   1.926        0.451076
   1.927        0.450259
   1.928        0.449442
   1.929        0.448622
    1.93        0.447798
   1.931        0.446972
   1.932        0.446141
   1.933        0.445306
   1.934        0.444472
   1.935        0.443638
   1.936          0.4428
   1.937        0.441961
   1.938        0.441118
   1.939        0.440268
    1.94        0.439418
   1.941        0.438567
   1.942        0.437712
   1.943        0.436855
   1.944        0.435994
   1.945        0.435135
   1.946        0.434278
   1.947        0.433421
   1.948        0.432559
   1.949        0.431695
    1.95        0.430828
   1.951        0.429961
   1.952        0.429103
   1.953        0.428247
   1.954        0.427396
   1.955         0.42655
   1.956        0.425705
   1.957         0.42487
   1.958        0.424041
   1.959        0.423212
    1.96        0.422395
   1.961        0.421577
   1.962        0.420782
   1.963        0.420023
   1.964        0.419252
   1.965        0.418497
   1.966        0.417765
   1.967        0.417034
   1.968        0.416307
   1.969        0.415588
    1.97         0.41488
   1.971        0.414182
   1.972        0.413493
   1.973        0.412815
   1.974        0.412147
   1.975         0.41149
   1.976        0.410843
   1.977        0.410205
   1.978        0.409581
   1.979        0.408969
    1.98        0.408367
   1.981        0.407775
   1.982        0.407191
   1.983         0.40662
   1.984        0.406068
   1.985        0.405535
   1.986        0.405012
   1.987        0.404499
   1.988        0.403994
   1.989        0.403498
    1.99        0.403014
   1.991        0.402537
   1.992        0.402065
   1.993        0.401604
   1.994        0.401149
   1.995        0.400706
   1.996        0.400262
   1.997         0.39981
   1.998        0.399373
   1.999        0.398943
       2        0.398519
   2.001        0.398098
   2.002         0.39768
   2.003        0.397267
   2.004        0.396856
   2.005        0.396445
   2.006        0.396036
   2.007        0.395626
   2.008        0.395216
   2.009        0.394805
    2.01        0.394391
   2.011        0.393976
   2.012        0.393558
   2.013        0.393135
   2.014        0.392708
   2.015        0.392275
   2.016        0.391837
   2.017        0.391393
   2.018        0.390942
   2.019        0.390483
    2.02        0.390014
   2.021        0.389539
   2.022        0.389056
   2.023        0.388561
   2.024        0.388057
   2.025        0.387548
   2.026        0.387039
   2.027        0.386531
   2.028        0.386025
   2.029        0.385519
    2.03        0.385015
   2.031        0.384511
   2.032        0.384007
   2.033        0.383505
   2.034        0.383004
   2.035        0.382503
   2.036        0.382002
   2.037        0.381502
   2.038        0.381003
   2.039        0.380505
    2.04        0.380007
   2.041        0.379509
   2.042        0.379012
   2.043        0.378516
   2.044         0.37802
   2.045        0.377525
   2.046         0.37703
   2.047        0.376537
   2.048        0.376045
   2.049        0.375552
    2.05        0.375059
   2.051        0.374568
   2.052        0.374076
   2.053        0.373585
   2.054        0.373095
   2.055        0.372605
   2.056        0.372115
   2.057        0.371627
   2.058        0.371139
   2.059         0.37065
    2.06        0.370162
   2.061        0.369674
   2.062        0.369187
   2.063          0.3687
   2.064        0.368215
   2.065        0.367729
   2.066        0.367243
   2.067        0.366758
   2.068        0.366273
   2.069        0.365789
    2.07        0.365305
   2.071        0.364821
   2.072        0.364338
   2.073        0.363855
   2.074        0.363373
   2.075        0.362891
   2.076        0.362409
   2.077        0.361927
   2.078        0.361446
   2.079        0.360965
    2.08        0.360485
   2.081        0.360004
   2.082        0.359524
   2.083        0.359044
   2.084        0.358565
   2.085        0.358088
   2.086         0.35761
   2.087        0.357131
   2.088        0.356653
   2.089        0.356175
    2.09        0.355697
   2.091        0.355221
   2.092        0.354745
   2.093        0.354269
   2.094        0.353794
   2.095        0.353319
   2.096        0.352844
   2.097         0.35237
   2.098        0.351897
   2.099        0.351424
     2.1        0.350951
   2.101        0.350478
   2.102        0.350006
   2.103        0.349534
   2.104        0.349062
   2.105        0.348591
   2.106        0.348121
   2.107        0.347651
   2.108        0.347181
   2.109        0.346711
    2.11        0.346242
   2.111        0.345774
   2.112        0.345305
   2.113        0.344837
   2.114         0.34437
   2.115        0.343904
   2.116        0.343437
   2.117         0.34297
   2.118        0.342505
   2.119        0.342041
    2.12        0.341577
   2.121        0.341112
   2.122        0.340648
   2.123        0.340185
   2.124        0.339722
   2.125        0.339259
   2.126        0.338796
   2.127        0.338334
   2.128        0.337872
   2.129         0.33741
    2.13        0.336951
   2.131         0.33649
   2.132        0.336029
   2.133        0.335569
   2.134         0.33511
   2.135        0.334652
   2.136        0.334194
   2.137        0.333736
   2.138        0.333278
   2.139         0.33282
    2.14        0.332364
   2.141        0.331908
   2.142        0.331453
   2.143        0.330997
   2.144        0.330542
   2.145        0.330087
   2.146        0.329633
   2.147        0.329179
   2.148        0.328725
   2.149        0.328272
    2.15        0.327819
   2.151        0.327366
   2.152        0.326914
   2.153        0.326462
   2.154        0.326012
   2.155        0.325561
   2.156         0.32511
   2.157         0.32466
   2.158         0.32421
   2.159        0.323761
    2.16        0.323313
   2.161        0.322864
   2.162        0.322415
   2.163        0.321967
   2.164         0.32152
   2.165        0.321073
   2.166        0.320628
   2.167        0.320182
   2.168        0.319736
   2.169        0.319291
    2.17        0.318846
   2.171        0.318402
   2.172        0.317958
   2.173        0.317514
   2.174         0.31707
   2.175        0.316627
   2.176        0.316184
   2.177        0.315742
   2.178          0.3153
   2.179        0.314859
    2.18        0.314418
   2.181        0.313976
   2.182        0.313535
   2.183        0.313095
   2.184        0.312656
   2.185        0.312217
   2.186        0.311779
   2.187        0.311341
   2.188        0.310902
   2.189        0.310464
    2.19        0.310026
   2.191         0.30959
   2.192        0.309154
   2.193        0.308718
   2.194        0.308283
   2.195        0.307848
   2.196        0.307413
   2.197        0.306978
   2.198        0.306544
   2.199         0.30611
     2.2        0.305677
   2.201        0.305244
   2.202        0.304811
   2.203        0.304379
   2.204        0.303947
   2.205        0.303516
   2.206        0.303085
   2.207        0.302655
   2.208        0.302224
   2.209        0.301794
    2.21        0.301364
   2.211        0.300934
   2.212        0.300506
   2.213        0.300078
   2.214         0.29965
   2.215        0.299222
   2.216        0.298795
   2.217        0.298369
   2.218        0.297942
   2.219        0.297516
    2.22        0.297091
   2.221        0.296665
   2.222         0.29624
   2.223        0.295815
   2.224        0.295392
   2.225        0.294968
   2.226        0.294544
   2.227         0.29412
   2.228        0.293698
   2.229        0.293276
    2.23        0.292853
   2.231        0.292432
   2.232        0.292011
   2.233        0.291591
   2.234         0.29117
   2.235         0.29075
   2.236         0.29033
   2.237         0.28991
   2.238        0.289491
   2.239        0.289072
    2.24        0.288654
   2.241        0.288236
   2.242        0.287818
   2.243        0.287401
   2.244        0.286985
   2.245        0.286569
   2.246        0.286153
   2.247        0.285738
   2.248        0.285322
   2.249        0.284908
    2.25        0.284494
   2.251         0.28408
   2.252        0.283667
   2.253        0.283253
   2.254        0.282839
   2.255        0.282426
   2.256        0.282014
   2.257        0.281602
   2.258         0.28119
   2.259        0.280779
    2.26        0.280369
   2.261        0.279959
   2.262        0.279549
   2.263        0.279139
   2.264        0.278729
   2.265         0.27832
   2.266        0.277911
   2.267        0.277504
   2.268        0.277098
   2.269        0.276691
    2.27        0.276283
   2.271        0.275876
   2.272        0.275469
   2.273        0.275063
   2.274        0.274657
   2.275        0.274252
   2.276        0.273848
   2.277        0.273444
   2.278         0.27304
   2.279        0.272636
    2.28        0.272233
   2.281         0.27183
   2.282        0.271427
   2.283        0.271024
   2.284        0.270621
   2.285         0.27022
   2.286         0.26982
   2.287        0.269419
   2.288        0.269019
   2.289        0.268618
    2.29        0.268218
   2.291        0.267819
   2.292         0.26742
   2.293        0.267022
   2.294        0.266624
   2.295        0.266226
   2.296        0.265828
   2.297        0.265431
   2.298        0.265034
   2.299        0.264638
     2.3        0.264242
   2.301        0.263846
   2.302         0.26345
   2.303        0.263055
   2.304        0.262661
   2.305        0.262266
   2.306        0.261872
   2.307        0.261479
   2.308        0.261086
   2.309        0.260694
    2.31        0.260301
   2.311        0.259909
   2.312        0.259517
   2.313        0.259126
   2.314        0.258735
   2.315        0.258344
   2.316        0.257954
   2.317        0.257563
   2.318        0.257174
   2.319        0.256785
    2.32        0.256396
   2.321        0.256008
   2.322        0.255619
   2.323        0.255232
   2.324        0.254844
   2.325        0.254457
   2.326        0.254071
   2.327        0.253685
   2.328          0.2533
   2.329        0.252914
    2.33        0.252529
   2.331        0.252145
   2.332         0.25176
   2.333        0.251376
   2.334        0.250992
   2.335        0.250609
   2.336        0.250227
   2.337        0.249844
   2.338        0.249462
   2.339         0.24908
    2.34        0.248699
   2.341        0.248317
   2.342        0.247936
   2.343        0.247555
   2.344        0.247175
   2.345        0.246795
   2.346        0.246416
   2.347        0.246038
   2.348        0.245659
   2.349        0.245281
    2.35        0.244902
   2.351        0.244525
   2.352        0.244148
   2.353        0.243771
   2.354        0.243395
   2.355        0.243019
   2.356        0.242643
   2.357        0.242267
   2.358        0.241892
   2.359        0.241518
    2.36        0.241144
   2.361         0.24077
   2.362        0.240397
   2.363        0.240024
   2.364        0.239651
   2.365        0.239277
   2.366        0.238904
   2.367        0.238533
   2.368        0.238162
   2.369         0.23779
    2.37        0.237418
   2.371        0.237049
   2.372        0.236679
   2.373         0.23631
   2.374         0.23594
   2.375        0.235571
   2.376        0.235202
   2.377        0.234834
   2.378        0.234467
   2.379        0.234099
    2.38        0.233732
   2.381        0.233365
   2.382        0.232999
   2.383        0.232633
   2.384        0.232267
   2.385        0.231901
   2.386        0.231536
   2.387        0.231171
   2.388        0.230807
   2.389        0.230443
    2.39        0.230079
   2.391        0.229716
   2.392        0.229353
   2.393        0.228992
   2.394         0.22863
   2.395        0.228268
   2.396        0.227907
   2.397        0.227545
   2.398        0.227184
   2.399        0.226823
     2.4        0.226463
   2.401        0.226104
   2.402        0.225745
   2.403        0.225386
   2.404        0.225027
   2.405        0.224669
   2.406        0.224311
   2.407        0.223953
   2.408        0.223596
   2.409        0.223238
    2.41        0.222881
   2.411        0.222525
   2.412        0.222169
   2.413        0.221813
   2.414        0.221458
   2.415        0.221105
   2.416        0.220751
   2.417        0.220396
   2.418        0.220043
   2.419        0.219691
    2.42        0.219337
   2.421        0.218984
   2.422        0.218632
   2.423         0.21828
   2.424        0.217929
   2.425        0.217577
   2.426        0.217226
   2.427        0.216875
   2.428        0.216526
   2.429        0.216177
    2.43        0.215827
   2.431        0.215478
   2.432        0.215129
   2.433        0.214781
   2.434        0.214433
   2.435        0.214085
   2.436        0.213737
   2.437         0.21339
   2.438        0.213045
   2.439        0.212699
    2.44        0.212352
   2.441        0.212007
   2.442        0.211661
   2.443        0.211316
   2.444        0.210971
   2.445        0.210628
   2.446        0.210284
   2.447         0.20994
   2.448        0.209597
   2.449        0.209255
    2.45        0.208914
   2.451        0.208571
   2.452        0.208229
   2.453        0.207887
   2.454        0.207547
   2.455        0.207207
   2.456        0.206868
   2.457        0.206528
   2.458        0.206188
   2.459        0.205849
    2.46        0.205509
   2.461        0.205171
   2.462        0.204833
   2.463        0.204496
   2.464        0.204157
   2.465        0.203819
   2.466        0.203482
   2.467        0.203146
   2.468         0.20281
   2.469        0.202474
    2.47        0.202139
   2.471        0.201804
   2.472        0.201469
   2.473        0.201135
   2.474        0.200802
   2.475        0.200469
   2.476        0.200136
   2.477        0.199802
   2.478        0.199469
   2.479        0.199137
    2.48        0.198805
   2.481        0.198474
   2.482        0.198144
   2.483        0.197813
   2.484        0.197481
   2.485        0.197151
   2.486         0.19682
   2.487        0.196491
   2.488        0.196162
   2.489        0.195834
    2.49        0.195506
   2.491        0.195178
   2.492        0.194851
   2.493        0.194523
   2.494        0.194196
   2.495         0.19387
   2.496        0.193545
   2.497        0.193219
   2.498        0.192894
   2.499        0.192569
     2.5        0.192244
   2.501        0.191919
   2.502        0.191595
   2.503        0.191271
   2.504        0.190948
   2.505        0.190625
   2.506        0.190301
   2.507        0.189978
   2.508        0.189657
   2.509        0.189336
    2.51        0.189014
   2.511        0.188694
   2.512        0.188374
   2.513        0.188054
   2.514        0.187733
   2.515        0.187413
   2.516        0.187093
   2.517        0.186774
   2.518        0.186455
   2.519        0.186138
    2.52         0.18582
   2.521        0.185502
   2.522        0.185185
   2.523        0.184868
   2.524        0.184551
   2.525        0.184235
   2.526        0.183919
   2.527        0.183605
   2.528        0.183289
   2.529        0.182974
    2.53        0.182659
   2.531        0.182345
   2.532        0.182031
   2.533        0.181718
   2.534        0.181406
   2.535        0.181093
   2.536        0.180781
   2.537        0.180469
   2.538        0.180156
   2.539        0.179845
    2.54        0.179534
   2.541        0.179225
   2.542        0.178915
   2.543        0.178605
   2.544        0.178296
   2.545        0.177987
   2.546        0.177677
   2.547        0.177368
   2.548         0.17706
   2.549        0.176754
    2.55        0.176447
   2.551         0.17614
   2.552        0.175834
   2.553        0.175527
   2.554        0.175221
   2.555        0.174915
   2.556        0.174609
   2.557        0.174304
   2.558        0.173999
   2.559        0.173695
    2.56        0.173391
   2.561        0.173088
   2.562        0.172784
   2.563        0.172481
   2.564        0.172179
   2.565        0.171876
   2.566        0.171574
   2.567        0.171272
   2.568        0.170971
   2.569         0.17067
    2.57         0.17037
   2.571         0.17007
   2.572         0.16977
   2.573        0.169472
   2.574        0.169172
   2.575        0.168873
   2.576        0.168574
   2.577        0.168276
   2.578        0.167978
   2.579        0.167681
    2.58        0.167385
   2.581        0.167088
   2.582        0.166792
   2.583        0.166496
   2.584          0.1662
   2.585        0.165905
   2.586        0.165609
   2.587        0.165314
   2.588        0.165019
   2.589        0.164725
    2.59        0.164431
   2.591        0.164138
   2.592        0.163846
   2.593        0.163553
   2.594        0.163261
   2.595        0.162968
   2.596        0.162676
   2.597        0.162387
   2.598        0.162098
   2.599        0.161808
     2.6        0.161517
   2.601        0.161226
   2.602        0.160936
   2.603        0.160648
   2.604         0.16036
   2.605        0.160071
   2.606        0.159782
   2.607        0.159494
   2.608        0.159207
   2.609        0.158919
    2.61        0.158632
   2.611        0.158344
   2.612        0.158056
   2.613         0.15777
   2.614        0.157485
   2.615        0.157202
   2.616        0.156919
   2.617        0.156635
   2.618         0.15635
   2.619        0.156066
    2.62        0.155782
   2.621        0.155499
   2.622        0.155217
   2.623        0.154935
   2.624        0.154654
   2.625        0.154372
   2.626         0.15409
   2.627        0.153808
   2.628        0.153527
   2.629        0.153247
    2.63        0.152967
   2.631        0.152688
   2.632        0.152409
   2.633         0.15213
   2.634        0.151851
   2.635        0.151574
   2.636        0.151297
   2.637        0.151019
   2.638        0.150742
   2.639        0.150464
    2.64        0.150187
   2.641         0.14991
   2.642        0.149634
   2.643        0.149359
   2.644        0.149084
   2.645        0.148809
   2.646        0.148535
   2.647        0.148261
   2.648        0.147988
   2.649        0.147716
    2.65        0.147443
   2.651        0.147169
   2.652        0.146896
   2.653        0.146623
   2.654        0.146351
   2.655        0.146079
   2.656        0.145808
   2.657        0.145537
   2.658        0.145267
   2.659        0.144997
    2.66        0.144727
   2.661        0.144457
   2.662        0.144187
   2.663        0.143918
   2.664         0.14365
   2.665        0.143382
   2.666        0.143114
   2.667        0.142847
   2.668         0.14258
   2.669        0.142314
    2.67        0.142047
   2.671        0.141781
   2.672        0.141516
   2.673        0.141252
   2.674        0.140987
   2.675        0.140722
   2.676        0.140456
   2.677        0.140192
   2.678        0.139928
   2.679        0.139664
    2.68        0.139399
   2.681        0.139136
   2.682        0.138873
   2.683        0.138613
   2.684        0.138352
   2.685        0.138091
   2.686         0.13783
   2.687        0.137569
   2.688        0.137309
   2.689        0.137048
    2.69        0.136789
   2.691         0.13653
   2.692        0.136271
   2.693        0.136012
   2.694        0.135754
   2.695        0.135497
   2.696        0.135239
   2.697        0.134981
   2.698        0.134725
   2.699        0.134469
     2.7        0.134214
   2.701        0.133957
   2.702          0.1337
   2.703        0.133445
   2.704        0.133188
   2.705        0.132932
   2.706        0.132677
   2.707        0.132423
   2.708         0.13217
   2.709        0.131917
    2.71        0.131664
   2.711        0.131412
   2.712         0.13116
   2.713        0.130907
   2.714        0.130655
   2.715        0.130404
   2.716        0.130152
   2.717        0.129902
   2.718        0.129652
   2.719        0.129401
    2.72         0.12915
   2.721        0.128899
   2.722         0.12865
   2.723        0.128402
   2.724        0.128156
   2.725        0.127909
   2.726        0.127661
   2.727        0.127413
   2.728        0.127166
   2.729        0.126919
    2.73        0.126672
   2.731        0.126425
   2.732         0.12618
   2.733        0.125935
   2.734        0.125689
   2.735        0.125444
   2.736          0.1252
   2.737        0.124958
   2.738        0.124714
   2.739         0.12447
    2.74        0.124226
   2.741        0.123983
   2.742        0.123741
   2.743        0.123499
   2.744        0.123257
   2.745        0.123015
   2.746        0.122773
   2.747        0.122531
   2.748         0.12229
   2.749         0.12205
    2.75        0.121811
   2.751        0.121572
   2.752        0.121333
   2.753        0.121095
   2.754        0.120857
   2.755        0.120619
   2.756         0.12038
   2.757        0.120142
   2.758        0.119905
   2.759        0.119668
    2.76         0.11943
   2.761        0.119193
   2.762        0.118957
   2.763        0.118722
   2.764        0.118487
   2.765        0.118251
   2.766        0.118016
   2.767        0.117782
   2.768        0.117549
   2.769        0.117315
    2.77        0.117082
   2.771        0.116849
   2.772        0.116616
   2.773        0.116383
   2.774        0.116151
   2.775        0.115919
   2.776        0.115687
   2.777        0.115457
   2.778        0.115226
   2.779        0.114995
    2.78        0.114765
   2.781        0.114535
   2.782        0.114305
   2.783        0.114076
   2.784        0.113847
   2.785         0.11362
   2.786        0.113392
   2.787        0.113163
   2.788        0.112935
   2.789        0.112708
    2.79        0.112481
   2.791        0.112254
   2.792        0.112028
   2.793        0.111801
   2.794        0.111575
   2.795         0.11135
   2.796        0.111124
   2.797        0.110899
   2.798        0.110676
   2.799        0.110452
     2.8        0.110228
   2.801        0.110005
   2.802        0.109782
   2.803        0.109559
   2.804        0.109337
   2.805        0.109115
   2.806        0.108893
   2.807        0.108672
   2.808        0.108451
   2.809         0.10823
    2.81         0.10801
   2.811        0.107789
   2.812        0.107569
   2.813         0.10735
   2.814         0.10713
   2.815         0.10691
   2.816         0.10669
   2.817        0.106471
   2.818        0.106254
   2.819        0.106038
    2.82        0.105821
   2.821        0.105603
   2.822        0.105386
   2.823         0.10517
   2.824        0.104954
   2.825        0.104738
   2.826        0.104521
   2.827        0.104306
   2.828        0.104092
   2.829        0.103877
    2.83        0.103661
   2.831        0.103446
   2.832        0.103231
   2.833        0.103017
   2.834        0.102805
   2.835        0.102593
   2.836        0.102383
   2.837        0.102172
   2.838        0.101961
   2.839         0.10175
    2.84        0.101538
   2.841        0.101326
   2.842        0.101116
   2.843        0.100905
   2.844        0.100695
   2.845        0.100486
   2.846        0.100278
   2.847        0.100068
   2.848        0.099858
   2.849        0.099648
    2.85         0.09944
   2.851        0.099232
   2.852        0.099024
   2.853        0.098817
   2.854         0.09861
   2.855        0.098403
   2.856        0.098197
   2.857         0.09799
   2.858        0.097785
   2.859        0.097581
    2.86        0.097376
   2.861        0.097173
   2.862        0.096968
   2.863        0.096763
   2.864        0.096561
   2.865        0.096358
   2.866        0.096154
   2.867        0.095949
   2.868        0.095747
   2.869        0.095545
    2.87        0.095343
   2.871        0.095141
   2.872         0.09494
   2.873        0.094738
   2.874        0.094537
   2.875        0.094337
   2.876        0.094136
   2.877        0.093936
   2.878        0.093737
   2.879        0.093539
    2.88        0.093341
   2.881        0.093142
   2.882        0.092945
   2.883        0.092746
   2.884        0.092548
   2.885        0.092351
   2.886        0.092155
   2.887        0.091958
   2.888         0.09176
   2.889        0.091564
    2.89        0.091368
   2.891        0.091173
   2.892        0.090977
   2.893        0.090782
   2.894        0.090588
   2.895        0.090392
   2.896        0.090197
   2.897        0.090004
   2.898        0.089811
   2.899        0.089618
     2.9        0.089425
   2.901        0.089233
   2.902        0.089041
   2.903         0.08885
   2.904        0.088659
   2.905        0.088469
   2.906        0.088278
   2.907        0.088086
   2.908        0.087894
   2.909        0.087703
    2.91        0.087513
   2.911        0.087324
   2.912        0.087134
   2.913        0.086945
   2.914        0.086755
   2.915        0.086567
   2.916        0.086379
   2.917        0.086191
   2.918        0.086004
   2.919        0.085817
    2.92         0.08563
   2.921        0.085444
   2.922        0.085257
   2.923         0.08507
   2.924        0.084886
   2.925        0.084701
   2.926        0.084517
   2.927        0.084332
   2.928        0.084148
   2.929        0.083964
    2.93        0.083779
   2.931        0.083595
   2.932        0.083411
   2.933        0.083228
   2.934        0.083045
   2.935        0.082862
   2.936        0.082679
   2.937        0.082496
   2.938        0.082314
   2.939        0.082132
    2.94        0.081951
   2.941        0.081771
   2.942        0.081591
   2.943        0.081411
   2.944         0.08123
   2.945         0.08105
   2.946        0.080871
   2.947        0.080692
   2.948        0.080512
   2.949        0.080332
    2.95        0.080154
   2.951        0.079978
   2.952        0.079803
   2.953        0.079626
   2.954         0.07945
   2.955        0.079273
   2.956        0.079097
   2.957        0.078922
   2.958        0.078746
   2.959        0.078569
    2.96        0.078393
   2.961        0.078218
   2.962        0.078044
   2.963        0.077869
   2.964        0.077694
   2.965         0.07752
   2.966        0.077346
   2.967        0.077173
   2.968           0.077
   2.969        0.076828
    2.97        0.076656
   2.971        0.076484
   2.972        0.076312
   2.973         0.07614
   2.974        0.075968
   2.975        0.075797
   2.976        0.075625
   2.977        0.075454
   2.978        0.075283
   2.979        0.075113
    2.98        0.074943
   2.981        0.074775
   2.982        0.074609
   2.983        0.074442
   2.984        0.074272
   2.985        0.074103
   2.986        0.073934
   2.987        0.073767
   2.988          0.0736
   2.989        0.073432
    2.99        0.073264
   2.991        0.073097
   2.992         0.07293
   2.993        0.072764
   2.994        0.072599
   2.995        0.072434
   2.996        0.072269
   2.997        0.072105
   2.998         0.07194
   2.999        0.071774
       3        0.071609
   3.001        0.071444
   3.002         0.07128
   3.003        0.071117
   3.004        0.070953
   3.005        0.070792
   3.006        0.070631
   3.007        0.070469
   3.008        0.070306
   3.009        0.070143
    3.01        0.069982
   3.011        0.069822
   3.012        0.069664
   3.013        0.069503
   3.014        0.069342
   3.015        0.069183
   3.016        0.069024
   3.017        0.068864
   3.018        0.068704
   3.019        0.068546
    3.02        0.068388
   3.021         0.06823
   3.022        0.068071
   3.023        0.067912
   3.024        0.067754
   3.025        0.067597
   3.026        0.067439
   3.027        0.067282
   3.028        0.067126
   3.029        0.066971
    3.03        0.066814
   3.031        0.066658
   3.032        0.066502
   3.033        0.066346
   3.034        0.066192
   3.035        0.066039
   3.036        0.065885
   3.037        0.065731
   3.038        0.065578
   3.039        0.065426
    3.04        0.065273
   3.041         0.06512
   3.042        0.064966
   3.043        0.064813
   3.044        0.064661
   3.045        0.064509
   3.046        0.064357
   3.047        0.064206
   3.048        0.064056
   3.049        0.063906
    3.05        0.063754
   3.051        0.063602
   3.052        0.063453
   3.053        0.063305
   3.054        0.063155
   3.055        0.063005
   3.056        0.062856
   3.057        0.062708
   3.058        0.062559
   3.059         0.06241
    3.06        0.062261
   3.061        0.062114
   3.062        0.061967
   3.063         0.06182
   3.064        0.061673
   3.065        0.061527
   3.066        0.061381
   3.067        0.061235
   3.068        0.061088
   3.069        0.060941
    3.07        0.060796
   3.071         0.06065
   3.072        0.060503
   3.073        0.060359
   3.074        0.060215
   3.075        0.060071
   3.076        0.059929
   3.077        0.059787
   3.078        0.059644
   3.079          0.0595
    3.08        0.059357
   3.081        0.059212
   3.082        0.059069
   3.083        0.058928
   3.084        0.058788
   3.085        0.058646
   3.086        0.058506
   3.087        0.058368
   3.088         0.05823
   3.089         0.05809
    3.09        0.057949
   3.091        0.057808
   3.092        0.057666
   3.093        0.057525
   3.094        0.057386
   3.095        0.057247
   3.096        0.057108
   3.097        0.056971
   3.098        0.056833
   3.099        0.056694
     3.1        0.056555
   3.101        0.056419
   3.102        0.056282
   3.103        0.056145
   3.104        0.056008
   3.105        0.055871
   3.106        0.055734
   3.107        0.055598
   3.108        0.055462
   3.109        0.055326
    3.11        0.055191
   3.111        0.055057
   3.112        0.054923
   3.113        0.054788
   3.114        0.054654
   3.115         0.05452
   3.116        0.054385
   3.117        0.054252
   3.118        0.054118
   3.119        0.053986
    3.12        0.053854
   3.121        0.053721
   3.122        0.053588
   3.123        0.053455
   3.124        0.053324
   3.125        0.053192
   3.126        0.053059
   3.127        0.052928
   3.128        0.052798
   3.129         0.05267
    3.13        0.052541
   3.131        0.052412
   3.132        0.052281
   3.133        0.052151
   3.134         0.05202
   3.135         0.05189
   3.136         0.05176
   3.137        0.051634
   3.138        0.051506
   3.139        0.051377
    3.14         0.05125
   3.141        0.051123
   3.142        0.050995
   3.143        0.050867
   3.144         0.05074
   3.145        0.050616
   3.146        0.050491
   3.147        0.050363
   3.148        0.050235
   3.149        0.050109
    3.15        0.049983
   3.151        0.049857
   3.152        0.049734
   3.153         0.04961
   3.154        0.049484
   3.155        0.049358
   3.156        0.049232
   3.157        0.049109
   3.158        0.048988
   3.159        0.048866
    3.16        0.048744
   3.161        0.048621
   3.162        0.048497
   3.163        0.048372
   3.164        0.048249
   3.165        0.048127
   3.166        0.048005
   3.167        0.047884
   3.168        0.047762
   3.169        0.047639
    3.17        0.047517
   3.171        0.047398
   3.172        0.047279
   3.173        0.047159
   3.174        0.047039
   3.175         0.04692
   3.176        0.046801
   3.177        0.046683
   3.178        0.046562
   3.179        0.046442
    3.18        0.046325
   3.181        0.046207
   3.182        0.046089
   3.183        0.045972
   3.184        0.045855
   3.185        0.045739
   3.186        0.045622
   3.187        0.045505
   3.188        0.045388
   3.189        0.045272
    3.19        0.045156
   3.191         0.04504
   3.192        0.044925
   3.193        0.044809
   3.194        0.044694
   3.195        0.044579
   3.196        0.044463
   3.197        0.044347
   3.198        0.044234
   3.199        0.044122
     3.2        0.044008
   3.201        0.043893
   3.202        0.043778
   3.203        0.043667
   3.204        0.043555
   3.205        0.043442
   3.206        0.043328
   3.207        0.043214
   3.208        0.043101
   3.209        0.042989
    3.21        0.042879
   3.211        0.042768
   3.212        0.042654
   3.213        0.042541
   3.214        0.042428
   3.215        0.042318
   3.216        0.042208
   3.217        0.042098
   3.218        0.041986
   3.219        0.041875
    3.22        0.041767
   3.221        0.041659
   3.222         0.04155
   3.223        0.041438
   3.224        0.041329
   3.225        0.041224
   3.226        0.041117
   3.227        0.041009
   3.228          0.0409
   3.229        0.040791
    3.23        0.040685
   3.231        0.040578
   3.232         0.04047
   3.233        0.040363
   3.234        0.040255
   3.235        0.040147
   3.236         0.04004
   3.237        0.039936
   3.238        0.039831
   3.239        0.039725
    3.24         0.03962
   3.241        0.039515
   3.242        0.039411
   3.243        0.039308
   3.244        0.039205
   3.245        0.039099
   3.246        0.038995
   3.247        0.038892
   3.248        0.038789
   3.249        0.038686
    3.25        0.038584
   3.251        0.038481
   3.252        0.038378
   3.253        0.038276
   3.254        0.038173
   3.255        0.038071
   3.256        0.037969
   3.257        0.037865
   3.258        0.037761
   3.259        0.037658
    3.26        0.037558
   3.261        0.037459
   3.262        0.037358
   3.263        0.037256
   3.264        0.037157
   3.265        0.037058
   3.266        0.036959
   3.267         0.03686
   3.268         0.03676
   3.269        0.036659
    3.27         0.03656
   3.271        0.036462
   3.272        0.036363
   3.273        0.036264
   3.274        0.036165
   3.275        0.036067
   3.276         0.03597
   3.277        0.035872
   3.278        0.035773
   3.279        0.035676
    3.28        0.035579
   3.281        0.035482
   3.282        0.035385
   3.283        0.035288
   3.284        0.035193
   3.285        0.035098
   3.286        0.035002
   3.287        0.034905
   3.288        0.034811
   3.289        0.034716
    3.29        0.034621
   3.291        0.034525
   3.292        0.034433
   3.293         0.03434
   3.294        0.034244
   3.295        0.034148
   3.296        0.034053
   3.297         0.03396
   3.298        0.033866
   3.299        0.033773
     3.3         0.03368
   3.301        0.033586
   3.302        0.033491
   3.303        0.033399
   3.304        0.033307
   3.305        0.033218
   3.306        0.033128
   3.307        0.033037
   3.308        0.032946
   3.309        0.032853
    3.31        0.032759
   3.311        0.032669
   3.312         0.03258
   3.313        0.032488
   3.314        0.032399
   3.315        0.032308
   3.316        0.032215
   3.317        0.032125
   3.318        0.032035
   3.319        0.031947
    3.32        0.031859
   3.321        0.031771
   3.322        0.031685
   3.323        0.031598
   3.324         0.03151
   3.325         0.03142
   3.326         0.03133
   3.327        0.031239
   3.328        0.031152
   3.329         0.03107
    3.33        0.030985
   3.331        0.030897
   3.332        0.030806
   3.333        0.030719
   3.334        0.030633
   3.335        0.030547
   3.336        0.030462
   3.337        0.030376
   3.338        0.030289
   3.339        0.030203
    3.34        0.030118
   3.341        0.030031
   3.342        0.029945
   3.343        0.029859
   3.344        0.029775
   3.345        0.029692
   3.346        0.029608
   3.347        0.029522
   3.348        0.029439
   3.349        0.029355
    3.35        0.029271
   3.351        0.029187
   3.352        0.029103
   3.353        0.029022
   3.354         0.02894
   3.355        0.028859
   3.356        0.028776
   3.357        0.028692
   3.358        0.028608
   3.359        0.028526
    3.36        0.028442
   3.361         0.02836
   3.362        0.028281
   3.363          0.0282
   3.364        0.028119
   3.365        0.028037
   3.366        0.027957
   3.367        0.027876
   3.368        0.027796
   3.369        0.027715
    3.37        0.027633
   3.371        0.027554
   3.372        0.027475
   3.373        0.027396
   3.374        0.027318
   3.375        0.027239
   3.376        0.027158
   3.377        0.027077
   3.378           0.027
   3.379        0.026922
    3.38        0.026843
   3.381        0.026766
   3.382        0.026689
   3.383         0.02661
   3.384        0.026531
   3.385        0.026452
   3.386        0.026376
   3.387        0.026303
   3.388        0.026228
   3.389        0.026149
    3.39        0.026072
   3.391        0.025996
   3.392        0.025918
   3.393        0.025839
   3.394        0.025763
   3.395        0.025685
   3.396        0.025609
   3.397        0.025537
   3.398        0.025465
   3.399        0.025391
     3.4        0.025315
   3.401        0.025239
   3.402        0.025165
   3.403        0.025091
   3.404        0.025017
   3.405        0.024941
   3.406        0.024868
   3.407        0.024795
   3.408        0.024722
   3.409         0.02465
    3.41        0.024576
   3.411        0.024502
   3.412        0.024427
   3.413        0.024355
   3.414        0.024282
   3.415        0.024207
   3.416        0.024135
   3.417        0.024066
   3.418        0.023998
   3.419        0.023928
    3.42        0.023855
   3.421        0.023783
   3.422        0.023711
   3.423         0.02364
   3.424        0.023568
   3.425        0.023499
   3.426        0.023429
   3.427         0.02336
   3.428        0.023291
   3.429         0.02322
    3.43        0.023148
   3.431        0.023079
   3.432         0.02301
   3.433        0.022937
   3.434        0.022865
   3.435        0.022797
   3.436        0.022729
   3.437        0.022661
   3.438        0.022593
   3.439        0.022525
    3.44        0.022454
   3.441        0.022387
   3.442        0.022318
   3.443         0.02225
   3.444        0.022183
   3.445        0.022115
   3.446        0.022046
   3.447         0.02198
   3.448        0.021914
   3.449         0.02185
    3.45        0.021783
   3.451        0.021716
   3.452        0.021649
   3.453        0.021583
   3.454        0.021514
   3.455        0.021446
   3.456        0.021378
   3.457        0.021313
   3.458        0.021247
   3.459        0.021184
    3.46        0.021119
   3.461        0.021051
   3.462        0.020986
   3.463        0.020926
   3.464         0.02086
   3.465        0.020795
   3.466         0.02073
   3.467        0.020666
   3.468        0.020604
   3.469         0.02054
    3.47        0.020474
   3.471        0.020412
   3.472        0.020349
   3.473        0.020286
   3.474        0.020222
   3.475        0.020158
   3.476        0.020092
   3.477        0.020031
   3.478        0.019969
   3.479        0.019905
    3.48         0.01984
   3.481        0.019777
   3.482        0.019717
   3.483        0.019656
   3.484        0.019595
   3.485        0.019533
   3.486        0.019472
   3.487        0.019413
   3.488        0.019352
   3.489        0.019291
    3.49        0.019228
   3.491        0.019168
   3.492        0.019108
   3.493        0.019047
   3.494        0.018985
   3.495        0.018923
   3.496        0.018865
   3.497         0.01881
   3.498        0.018751
   3.499        0.018692
     3.5         0.01863
   3.501        0.018568
   3.502        0.018508
   3.503         0.01845
   3.504        0.018392
   3.505        0.018335
   3.506        0.018274
   3.507        0.018213
   3.508        0.018157
   3.509          0.0181
    3.51        0.018043
   3.511        0.017985
   3.512        0.017926
   3.513        0.017872
   3.514        0.017813
   3.515        0.017757
   3.516        0.017698
   3.517        0.017639
   3.518        0.017582
   3.519        0.017527
    3.52         0.01747
   3.521        0.017412
   3.522        0.017358
   3.523        0.017302
   3.524        0.017249
   3.525        0.017192
   3.526        0.017138
   3.527        0.017082
   3.528        0.017024
   3.529        0.016967
    3.53         0.01691
   3.531        0.016856
   3.532        0.016801
   3.533         0.01675
   3.534        0.016694
   3.535        0.016638
   3.536        0.016584
   3.537        0.016529
   3.538        0.016476
   3.539        0.016425
    3.54        0.016373
   3.541        0.016318
   3.542        0.016264
   3.543        0.016212
   3.544        0.016156
   3.545        0.016105
   3.546         0.01605
   3.547        0.015998
   3.548        0.015943
   3.549        0.015889
    3.55        0.015835
   3.551        0.015783
   3.552        0.015731
   3.553         0.01568
   3.554        0.015628
   3.555        0.015577
   3.556        0.015524
   3.557        0.015476
   3.558        0.015424
   3.559        0.015371
    3.56        0.015318
   3.561        0.015265
   3.562        0.015215
   3.563         0.01517
   3.564         0.01512
   3.565        0.015066
   3.566        0.015012
   3.567        0.014964
   3.568        0.014911
   3.569        0.014861
    3.57        0.014816
   3.571        0.014768
   3.572        0.014718
   3.573        0.014667
   3.574        0.014616
   3.575        0.014569
   3.576        0.014524
   3.577        0.014473
   3.578        0.014424
   3.579        0.014376
    3.58        0.014324
   3.581        0.014273
   3.582        0.014225
   3.583         0.01418
   3.584        0.014132
   3.585        0.014083
   3.586        0.014036
   3.587        0.013989
   3.588        0.013944
   3.589        0.013891
    3.59        0.013844
   3.591        0.013799
   3.592        0.013754
   3.593        0.013706
   3.594        0.013657
   3.595        0.013608
   3.596        0.013557
   3.597        0.013513
   3.598        0.013468
   3.599        0.013425
     3.6        0.013377
   3.601         0.01333
   3.602         0.01328
   3.603        0.013232
   3.604        0.013188
   3.605        0.013143
   3.606        0.013101
   3.607        0.013056
   3.608        0.013011
   3.609        0.012968
    3.61         0.01292
   3.611        0.012876
   3.612        0.012832
   3.613        0.012787
   3.614        0.012742
   3.615        0.012695
   3.616        0.012654
   3.617        0.012609
   3.618        0.012564
   3.619        0.012515
    3.62         0.01247
   3.621        0.012431
   3.622        0.012386
   3.623         0.01234
   3.624        0.012299
   3.625        0.012254
   3.626        0.012209
   3.627        0.012167
   3.628        0.012125
   3.629        0.012082
    3.63        0.012041
   3.631        0.011999
   3.632        0.011958
   3.633        0.011915
   3.634         0.01187
   3.635        0.011826
   3.636        0.011783
   3.637        0.011743
   3.638        0.011699
   3.639        0.011657
    3.64         0.01162
   3.641        0.011579
   3.642        0.011533
   3.643        0.011487
   3.644        0.011445
   3.645        0.011406
   3.646        0.011369
   3.647        0.011329
   3.648        0.011288
   3.649        0.011248
    3.65        0.011208
   3.651        0.011167
   3.652        0.011125
   3.653        0.011084
   3.654        0.011044
   3.655        0.011004
   3.656        0.010963
   3.657        0.010926
   3.658        0.010887
   3.659        0.010845
    3.66        0.010807
   3.661        0.010766
   3.662        0.010724
   3.663        0.010682
   3.664        0.010643
   3.665        0.010603
   3.666        0.010566
   3.667        0.010532
   3.668        0.010494
   3.669         0.01046
    3.67        0.010419
   3.671        0.010379
   3.672        0.010339
   3.673          0.0103
   3.674        0.010261
   3.675        0.010227
   3.676        0.010188
   3.677        0.010146
   3.678        0.010112
   3.679        0.010074
    3.68        0.010034
   3.681        0.009997
   3.682        0.009958
   3.683        0.009918
   3.684        0.009884
   3.685        0.009845
   3.686        0.009812
   3.687        0.009777
   3.688        0.009739
   3.689        0.009702
    3.69        0.009663
   3.691         0.00963
   3.692        0.009592
   3.693        0.009555
   3.694        0.009523
   3.695        0.009489
   3.696         0.00945
   3.697        0.009412
   3.698        0.009379
   3.699        0.009344
     3.7         0.00931
   3.701        0.009271
   3.702        0.009237
   3.703          0.0092
   3.704        0.009168
   3.705        0.009132
   3.706        0.009098
   3.707        0.009062
   3.708        0.009026
   3.709         0.00899
    3.71        0.008955
   3.711        0.008923
   3.712        0.008885
   3.713        0.008846
   3.714        0.008816
   3.715        0.008784
   3.716        0.008748
   3.717        0.008713
   3.718        0.008679
   3.719         0.00865
    3.72        0.008616
   3.721        0.008582
   3.722         0.00855
   3.723         0.00851
   3.724        0.008484
   3.725         0.00845
   3.726        0.008415
   3.727        0.008385
   3.728        0.008353
   3.729        0.008319
    3.73        0.008284
   3.731        0.008249
   3.732        0.008221
   3.733        0.008187
   3.734        0.008152
   3.735        0.008118
   3.736        0.008086
   3.737        0.008056
   3.738        0.008026
   3.739         0.00799
    3.74        0.007956
   3.741         0.00793
   3.742        0.007898
   3.743        0.007867
   3.744        0.007834
   3.745        0.007801
   3.746        0.007766
   3.747        0.007741
   3.748        0.007713
   3.749        0.007681
    3.75         0.00765
   3.751        0.007623
   3.752        0.007592
   3.753        0.007557
   3.754        0.007525
   3.755        0.007498
   3.756        0.007469
   3.757        0.007438
   3.758        0.007402
   3.759        0.007374
    3.76        0.007345
   3.761        0.007316
   3.762        0.007287
   3.763        0.007257
   3.764        0.007227
   3.765        0.007194
   3.766        0.007163
   3.767        0.007137
   3.768        0.007109
   3.769        0.007081
    3.77        0.007052
   3.771        0.007017
   3.772         0.00699
   3.773        0.006961
   3.774        0.006932
   3.775        0.006903
   3.776        0.006874
   3.777        0.006849
   3.778        0.006819
   3.779        0.006789
    3.78        0.006766
   3.781        0.006741
   3.782        0.006715
   3.783        0.006683
   3.784        0.006648
   3.785        0.006621
   3.786        0.006597
   3.787        0.006571
   3.788        0.006541
   3.789        0.006509
    3.79        0.006484
   3.791        0.006458
   3.792        0.006433
   3.793        0.006405
   3.794         0.00638
   3.795        0.006352
   3.796        0.006326
   3.797        0.006295
   3.798        0.006265
   3.799        0.006239
     3.8        0.006208
   3.801        0.006185
   3.802        0.006162
   3.803        0.006136
   3.804        0.006111
   3.805        0.006082
   3.806        0.006053
   3.807        0.006026
   3.808        0.006002
   3.809        0.005978
    3.81        0.005953
   3.811        0.005926
   3.812          0.0059
   3.813        0.005872
   3.814        0.005848
   3.815         0.00582
   3.816        0.005797
   3.817        0.005773
   3.818        0.005748
   3.819        0.005724
    3.82        0.005696
   3.821         0.00567
   3.822         0.00565
   3.823        0.005624
   3.824        0.005599
   3.825        0.005579
   3.826        0.005553
   3.827        0.005526
   3.828        0.005501
   3.829        0.005476
    3.83        0.005445
   3.831        0.005423
   3.832        0.005399
   3.833        0.005378
   3.834        0.005354
   3.835        0.005334
   3.836        0.005306
   3.837        0.005279
   3.838        0.005257
   3.839        0.005236
    3.84        0.005214
   3.841        0.005192
   3.842        0.005164
   3.843        0.005138
   3.844        0.005113
   3.845        0.005091
   3.846        0.005071
   3.847        0.005047
   3.848         0.00502
   3.849        0.004996
    3.85        0.004978
   3.851        0.004956
   3.852         0.00493
   3.853        0.004908
   3.854        0.004887
   3.855        0.004864
   3.856        0.004842
   3.857        0.004823
   3.858        0.004802
   3.859         0.00478
    3.86        0.004761
   3.861        0.004736
   3.862        0.004714
   3.863        0.004693
   3.864        0.004666
   3.865        0.004638
   3.866         0.00462
   3.867        0.004602
   3.868        0.004582
   3.869        0.004563
    3.87        0.004539
   3.871        0.004508
   3.872        0.004489
   3.873         0.00447
   3.874        0.004451
   3.875        0.004432
   3.876         0.00441
   3.877        0.004382
   3.878        0.004363
   3.879        0.004343
    3.88        0.004325
   3.881        0.004304
   3.882         0.00428
   3.883        0.004256
   3.884        0.004235
   3.885        0.004215
   3.886        0.004197
   3.887         0.00418
   3.888        0.004154
   3.889        0.004132
    3.89        0.004118
   3.891        0.004098
   3.892        0.004079
   3.893        0.004056
   3.894        0.004037
   3.895        0.004017
   3.896        0.003998
   3.897        0.003974
   3.898        0.003953
   3.899        0.003937
     3.9        0.003918
   3.901        0.003896
   3.902        0.003873
   3.903        0.003854
   3.904         0.00384
   3.905        0.003821
   3.906        0.003801
   3.907        0.003781
   3.908        0.003758
   3.909        0.003736
    3.91        0.003713
   3.911        0.003699
   3.912        0.003684
   3.913        0.003664
   3.914        0.003645
   3.915        0.003626
   3.916        0.003605
   3.917        0.003581
   3.918        0.003562
   3.919        0.003546
    3.92        0.003527
   3.921        0.003508
   3.922        0.003493
   3.923         0.00347
   3.924        0.003452
   3.925        0.003436
   3.926         0.00341
   3.927        0.003395
   3.928        0.003376
   3.929        0.003352
    3.93        0.003334
   3.931        0.003317
   3.932        0.003303
   3.933        0.003285
   3.934        0.003271
   3.935         0.00325
   3.936        0.003236
   3.937         0.00322
   3.938        0.003199
   3.939        0.003187
    3.94        0.003172
   3.941        0.003157
   3.942        0.003145
   3.943        0.003129
   3.944        0.003115
   3.945        0.003102
   3.946        0.003081
   3.947         0.00307
   3.948         0.00306
   3.949        0.003046
    3.95        0.003035
   3.951        0.003025
   3.952        0.003009
   3.953        0.002993
   3.954        0.002983
   3.955        0.002971
   3.956        0.002963
   3.957        0.002956
   3.958        0.002945
   3.959        0.002938
    3.96        0.002931
   3.961         0.00292
   3.962        0.002918
   3.963        0.002904
   3.964        0.002897
   3.965        0.002884
   3.966        0.002879
   3.967        0.002873
   3.968        0.002863
   3.969        0.002855
    3.97         0.00285
   3.971        0.002844
   3.972        0.002838
   3.973        0.002825
   3.974        0.002819
   3.975         0.00281
   3.976        0.002804
   3.977        0.002799
   3.978        0.002782
   3.979        0.002776
    3.98        0.002771
   3.981        0.002764
   3.982        0.002761
   3.983        0.002747
   3.984        0.002744
   3.985        0.002736
   3.986        0.002727
   3.987        0.002721
   3.988        0.002714
   3.989        0.002709
    3.99        0.002702
   3.991        0.002693
   3.992        0.002682
   3.993        0.002681
   3.994        0.002667
   3.995        0.002664
   3.996         0.00265
   3.997        0.002645
   3.998        0.002641
   3.999        0.002632
       4         0.00263
