===LAUE4 WAVELENGTH CALIBRATION FILE===
Instrument: IMAGINE   Calibration date: 24/1/2013
Comments: Generated from Lyso_6h_6mmdownstream for 2.8-4.3A
 2.500 0.000133 0.000133
 2.501 0.000133 0.000133
 2.502 0.000133 0.000133
 2.503 0.000133 0.000133
 2.504 0.000133 0.000133
 2.505 0.000133 0.000133
 2.506 0.000133 0.000133
 2.507 0.000133 0.000133
 2.508 0.000133 0.000133
 2.509 0.000133 0.000133
 2.510 0.000133 0.000133
 2.511 0.000133 0.000133
 2.512 0.000133 0.000133
 2.513 0.000133 0.000133
 2.514 0.000133 0.000133
 2.515 0.000133 0.000133
 2.516 0.000133 0.000133
 2.517 0.000133 0.000133
 2.518 0.000133 0.000133
 2.519 0.000133 0.000133
 2.520 0.000133 0.000133
 2.521 0.000133 0.000133
 2.522 0.000133 0.000133
 2.523 0.000133 0.000133
 2.524 0.000133 0.000133
 2.525 0.000133 0.000133
 2.526 0.000133 0.000133
 2.527 0.000133 0.000133
 2.528 0.000133 0.000133
 2.529 0.000133 0.000133
 2.530 0.000133 0.000133
 2.531 0.000133 0.000133
 2.532 0.000133 0.000133
 2.533 0.000133 0.000133
 2.534 0.000133 0.000133
 2.535 0.000133 0.000133
 2.536 0.000133 0.000133
 2.537 0.000133 0.000133
 2.538 0.000133 0.000133
 2.539 0.000133 0.000133
 2.540 0.000133 0.000133
 2.541 0.000133 0.000133
 2.542 0.000133 0.000133
 2.543 0.000133 0.000133
 2.544 0.000133 0.000133
 2.545 0.000133 0.000133
 2.546 0.000133 0.000133
 2.547 0.000133 0.000133
 2.548 0.000133 0.000133
 2.549 0.000133 0.000133
 2.550 0.000133 0.000133
 2.551 0.000133 0.000133
 2.552 0.000133 0.000133
 2.553 0.000133 0.000133
 2.554 0.000133 0.000133
 2.555 0.000133 0.000133
 2.556 0.000133 0.000133
 2.557 0.000133 0.000133
 2.558 0.000133 0.000133
 2.559 0.000133 0.000133
 2.560 0.000133 0.000133
 2.561 0.000133 0.000133
 2.562 0.000133 0.000133
 2.563 0.000133 0.000133
 2.564 0.000133 0.000133
 2.565 0.000133 0.000133
 2.566 0.000133 0.000133
 2.567 0.000133 0.000133
 2.568 0.000133 0.000133
 2.569 0.000133 0.000133
 2.570 0.000133 0.000133
 2.571 0.000133 0.000133
 2.572 0.000133 0.000133
 2.573 0.000133 0.000133
 2.574 0.000133 0.000133
 2.575 0.000133 0.000133
 2.576 0.000133 0.000133
 2.577 0.000133 0.000133
 2.578 0.000133 0.000133
 2.579 0.000133 0.000133
 2.580 0.000133 0.000133
 2.581 0.000133 0.000133
 2.582 0.000133 0.000133
 2.583 0.000133 0.000133
 2.584 0.000133 0.000133
 2.585 0.000133 0.000133
 2.586 0.000133 0.000133
 2.587 0.000133 0.000133
 2.588 0.000133 0.000133
 2.589 0.000133 0.000133
 2.590 0.000133 0.000133
 2.591 0.000133 0.000133
 2.592 0.000133 0.000133
 2.593 0.000133 0.000133
 2.594 0.000133 0.000133
 2.595 0.000133 0.000133
 2.596 0.000133 0.000133
 2.597 0.000133 0.000133
 2.598 0.000133 0.000133
 2.599 0.000133 0.000133
 2.600 0.000133 0.000133
 2.601 0.000133 0.000133
 2.602 0.000133 0.000133
 2.603 0.000133 0.000133
 2.604 0.000133 0.000133
 2.605 0.000133 0.000133
 2.606 0.000133 0.000133
 2.607 0.000133 0.000133
 2.608 0.000133 0.000133
 2.609 0.000133 0.000133
 2.610 0.000133 0.000133
 2.611 0.000133 0.000133
 2.612 0.000133 0.000133
 2.613 0.000133 0.000133
 2.614 0.000133 0.000133
 2.615 0.000133 0.000133
 2.616 0.000133 0.000133
 2.617 0.000133 0.000133
 2.618 0.000133 0.000133
 2.619 0.000133 0.000133
 2.620 0.000133 0.000133
 2.621 0.000133 0.000133
 2.622 0.000133 0.000133
 2.623 0.000133 0.000133
 2.624 0.000133 0.000133
 2.625 0.000133 0.000133
 2.626 0.000133 0.000133
 2.627 0.000133 0.000133
 2.628 0.000133 0.000133
 2.629 0.000133 0.000133
 2.630 0.000133 0.000133
 2.631 0.000133 0.000133
 2.632 0.000133 0.000133
 2.633 0.000133 0.000133
 2.634 0.000133 0.000133
 2.635 0.000133 0.000133
 2.636 0.000133 0.000133
 2.637 0.000133 0.000133
 2.638 0.000133 0.000133
 2.639 0.000133 0.000133
 2.640 0.000133 0.000133
 2.641 0.000133 0.000133
 2.642 0.000133 0.000133
 2.643 0.000133 0.000133
 2.644 0.000133 0.000133
 2.645 0.000133 0.000133
 2.646 0.000133 0.000133
 2.647 0.000133 0.000133
 2.648 0.000133 0.000133
 2.649 0.000133 0.000133
 2.650 0.000133 0.000133
 2.651 0.000133 0.000133
 2.652 0.000133 0.000133
 2.653 0.000133 0.000133
 2.654 0.000133 0.000133
 2.655 0.000133 0.000133
 2.656 0.000133 0.000133
 2.657 0.000133 0.000133
 2.658 0.000133 0.000133
 2.659 0.000133 0.000133
 2.660 0.000133 0.000133
 2.661 0.000133 0.000133
 2.662 0.000133 0.000133
 2.663 0.000133 0.000133
 2.664 0.000133 0.000133
 2.665 0.000133 0.000133
 2.666 0.000133 0.000133
 2.667 0.000133 0.000133
 2.668 0.000133 0.000133
 2.669 0.000133 0.000133
 2.670 0.000133 0.000133
 2.671 0.000133 0.000133
 2.672 0.000133 0.000133
 2.673 0.000133 0.000133
 2.674 0.000133 0.000133
 2.675 0.000133 0.000133
 2.676 0.000133 0.000133
 2.677 0.000133 0.000133
 2.678 0.000133 0.000133
 2.679 0.000133 0.000133
 2.680 0.000133 0.000133
 2.681 0.000133 0.000133
 2.682 0.000133 0.000133
 2.683 0.000133 0.000133
 2.684 0.000133 0.000133
 2.685 0.000133 0.000133
 2.686 0.000133 0.000133
 2.687 0.000133 0.000133
 2.688 0.000133 0.000133
 2.689 0.000133 0.000133
 2.690 0.000133 0.000133
 2.691 0.000133 0.000133
 2.692 0.000133 0.000133
 2.693 0.000133 0.000133
 2.694 0.000133 0.000133
 2.695 0.000133 0.000133
 2.696 0.000133 0.000133
 2.697 0.000133 0.000133
 2.698 0.000133 0.000133
 2.699 0.000133 0.000133
 2.700 0.000133 0.000133
 2.701 0.000133 0.000133
 2.702 0.000133 0.000133
 2.703 0.000133 0.000133
 2.704 0.000133 0.000133
 2.705 0.000133 0.000133
 2.706 0.000133 0.000133
 2.707 0.000133 0.000133
 2.708 0.000133 0.000133
 2.709 0.000133 0.000133
 2.710 0.000133 0.000133
 2.711 0.000133 0.000133
 2.712 0.000133 0.000133
 2.713 0.000133 0.000133
 2.714 0.000133 0.000133
 2.715 0.000133 0.000133
 2.716 0.000133 0.000133
 2.717 0.000133 0.000133
 2.718 0.000133 0.000133
 2.719 0.000133 0.000133
 2.720 0.000133 0.000133
 2.721 0.000133 0.000133
 2.722 0.000133 0.000133
 2.723 0.000133 0.000133
 2.724 0.000133 0.000133
 2.725 0.000133 0.000133
 2.726 0.000133 0.000133
 2.727 0.000133 0.000133
 2.728 0.000133 0.000133
 2.729 0.000133 0.000133
 2.730 0.000133 0.000133
 2.731 0.000133 0.000133
 2.732 0.000133 0.000133
 2.733 0.000133 0.000133
 2.734 0.000133 0.000133
 2.735 0.000133 0.000133
 2.736 0.000133 0.000133
 2.737 0.000133 0.000133
 2.738 0.000133 0.000133
 2.739 0.000133 0.000133
 2.740 0.000133 0.000133
 2.741 0.000133 0.000133
 2.742 0.000133 0.000133
 2.743 0.000133 0.000133
 2.744 0.000133 0.000133
 2.745 0.000133 0.000133
 2.746 0.000133 0.000133
 2.747 0.000133 0.000133
 2.748 0.000133 0.000133
 2.749 0.000133 0.000133
 2.750 0.000133 0.000133
 2.751 0.000133 0.000133
 2.752 0.000133 0.000133
 2.753 0.000133 0.000133
 2.754 0.000133 0.000133
 2.755 0.000132 0.000132
 2.756 0.000132 0.000132
 2.757 0.000132 0.000132
 2.758 0.000132 0.000132
 2.759 0.000132 0.000132
 2.760 0.000132 0.000132
 2.761 0.000132 0.000132
 2.762 0.000132 0.000132
 2.763 0.000131 0.000131
 2.764 0.000131 0.000131
 2.765 0.000131 0.000131
 2.766 0.000131 0.000131
 2.767 0.000131 0.000131
 2.768 0.000131 0.000131
 2.769 0.000131 0.000131
 2.770 0.000131 0.000131
 2.771 0.000131 0.000131
 2.772 0.000131 0.000131
 2.773 0.000131 0.000131
 2.774 0.000131 0.000131
 2.775 0.000131 0.000131
 2.776 0.000131 0.000131
 2.777 0.000131 0.000131
 2.778 0.000131 0.000131
 2.779 0.000131 0.000131
 2.780 0.000131 0.000131
 2.781 0.000131 0.000131
 2.782 0.000131 0.000131
 2.783 0.000131 0.000131
 2.784 0.000131 0.000131
 2.785 0.000131 0.000131
 2.786 0.000130 0.000130
 2.787 0.000130 0.000130
 2.788 0.000130 0.000130
 2.789 0.000130 0.000130
 2.790 0.000130 0.000130
 2.791 0.000130 0.000130
 2.792 0.000130 0.000130
 2.793 0.000335 0.000335
 2.794 0.001607 0.001607
 2.795 0.002870 0.002870
 2.796 0.004178 0.004178
 2.797 0.005497 0.005497
 2.798 0.006809 0.006809
 2.799 0.008129 0.008129
 2.800 0.009450 0.009450
 2.801 0.010775 0.010775
 2.802 0.012105 0.012105
 2.803 0.013435 0.013435
 2.804 0.014771 0.014771
 2.805 0.016104 0.016104
 2.806 0.017436 0.017436
 2.807 0.018766 0.018766
 2.808 0.020092 0.020092
 2.809 0.021411 0.021411
 2.810 0.022724 0.022724
 2.811 0.024031 0.024031
 2.812 0.025326 0.025326
 2.813 0.026611 0.026611
 2.814 0.027885 0.027885
 2.815 0.029149 0.029149
 2.816 0.030393 0.030393
 2.817 0.031633 0.031633
 2.818 0.032852 0.032852
 2.819 0.034066 0.034066
 2.820 0.035265 0.035265
 2.821 0.036455 0.036455
 2.822 0.037633 0.037633
 2.823 0.038805 0.038805
 2.824 0.039965 0.039965
 2.825 0.041121 0.041121
 2.826 0.042267 0.042267
 2.827 0.043410 0.043410
 2.828 0.044547 0.044547
 2.829 0.045681 0.045681
 2.830 0.046811 0.046811
 2.831 0.047936 0.047936
 2.832 0.049055 0.049055
 2.833 0.050176 0.050176
 2.834 0.051295 0.051295
 2.835 0.052404 0.052404
 2.836 0.053517 0.053517
 2.837 0.054618 0.054618
 2.838 0.055720 0.055720
 2.839 0.056820 0.056820
 2.840 0.057903 0.057903
 2.841 0.058986 0.058986
 2.842 0.060061 0.060061
 2.843 0.061123 0.061123
 2.844 0.062177 0.062177
 2.845 0.063217 0.063217
 2.846 0.064254 0.064254
 2.847 0.065265 0.065265
 2.848 0.066272 0.066272
 2.849 0.067266 0.067266
 2.850 0.068249 0.068249
 2.851 0.069222 0.069222
 2.852 0.070187 0.070187
 2.853 0.071145 0.071145
 2.854 0.072109 0.072109
 2.855 0.073073 0.073073
 2.856 0.074033 0.074033
 2.857 0.075003 0.075003
 2.858 0.075991 0.075991
 2.859 0.076973 0.076973
 2.860 0.077970 0.077970
 2.861 0.078991 0.078991
 2.862 0.080018 0.080018
 2.863 0.081077 0.081077
 2.864 0.082143 0.082143
 2.865 0.083241 0.083241
 2.866 0.084355 0.084355
 2.867 0.085496 0.085496
 2.868 0.086684 0.086684
 2.869 0.087906 0.087906
 2.870 0.089174 0.089174
 2.871 0.090496 0.090496
 2.872 0.091870 0.091870
 2.873 0.093289 0.093289
 2.874 0.094753 0.094753
 2.875 0.096256 0.096256
 2.876 0.097795 0.097795
 2.877 0.099375 0.099375
 2.878 0.100985 0.100985
 2.879 0.102634 0.102634
 2.880 0.104312 0.104312
 2.881 0.106040 0.106040
 2.882 0.107785 0.107785
 2.883 0.109570 0.109570
 2.884 0.111413 0.111413
 2.885 0.113280 0.113280
 2.886 0.115218 0.115218
 2.887 0.117179 0.117179
 2.888 0.119192 0.119192
 2.889 0.121252 0.121252
 2.890 0.123334 0.123334
 2.891 0.125492 0.125492
 2.892 0.127673 0.127673
 2.893 0.129863 0.129863
 2.894 0.132095 0.132095
 2.895 0.134340 0.134340
 2.896 0.136593 0.136593
 2.897 0.138843 0.138843
 2.898 0.141095 0.141095
 2.899 0.143330 0.143330
 2.900 0.145562 0.145562
 2.901 0.147785 0.147785
 2.902 0.150001 0.150001
 2.903 0.152206 0.152206
 2.904 0.154428 0.154428
 2.905 0.156615 0.156615
 2.906 0.158807 0.158807
 2.907 0.161027 0.161027
 2.908 0.163267 0.163267
 2.909 0.165501 0.165501
 2.910 0.167805 0.167805
 2.911 0.170115 0.170115
 2.912 0.172509 0.172509
 2.913 0.174948 0.174948
 2.914 0.177446 0.177446
 2.915 0.180044 0.180044
 2.916 0.182646 0.182646
 2.917 0.185386 0.185386
 2.918 0.188212 0.188212
 2.919 0.191117 0.191117
 2.920 0.194129 0.194129
 2.921 0.197227 0.197227
 2.922 0.200426 0.200426
 2.923 0.203723 0.203723
 2.924 0.207126 0.207126
 2.925 0.210623 0.210623
 2.926 0.214212 0.214212
 2.927 0.217888 0.217888
 2.928 0.221637 0.221637
 2.929 0.225431 0.225431
 2.930 0.229321 0.229321
 2.931 0.233237 0.233237
 2.932 0.237201 0.237201
 2.933 0.241149 0.241149
 2.934 0.245198 0.245198
 2.935 0.249199 0.249199
 2.936 0.253211 0.253211
 2.937 0.257255 0.257255
 2.938 0.261264 0.261264
 2.939 0.265331 0.265331
 2.940 0.269345 0.269345
 2.941 0.273445 0.273445
 2.942 0.277545 0.277545
 2.943 0.281607 0.281607
 2.944 0.285747 0.285747
 2.945 0.289892 0.289892
 2.946 0.294069 0.294069
 2.947 0.298246 0.298246
 2.948 0.302510 0.302510
 2.949 0.306801 0.306801
 2.950 0.311104 0.311104
 2.951 0.315427 0.315427
 2.952 0.319849 0.319849
 2.953 0.324290 0.324290
 2.954 0.328799 0.328799
 2.955 0.333338 0.333338
 2.956 0.337942 0.337942
 2.957 0.342571 0.342571
 2.958 0.347216 0.347216
 2.959 0.351964 0.351964
 2.960 0.356723 0.356723
 2.961 0.361514 0.361514
 2.962 0.366308 0.366308
 2.963 0.371224 0.371224
 2.964 0.376083 0.376083
 2.965 0.381079 0.381079
 2.966 0.385977 0.385977
 2.967 0.390969 0.390969
 2.968 0.395885 0.395885
 2.969 0.400876 0.400876
 2.970 0.405821 0.405821
 2.971 0.410789 0.410789
 2.972 0.415805 0.415805
 2.973 0.420789 0.420789
 2.974 0.425847 0.425847
 2.975 0.430895 0.430895
 2.976 0.435862 0.435862
 2.977 0.440936 0.440936
 2.978 0.445925 0.445925
 2.979 0.450890 0.450890
 2.980 0.455800 0.455800
 2.981 0.460683 0.460683
 2.982 0.465520 0.465520
 2.983 0.470334 0.470334
 2.984 0.475138 0.475138
 2.985 0.479947 0.479947
 2.986 0.484811 0.484811
 2.987 0.489709 0.489709
 2.988 0.494624 0.494624
 2.989 0.499715 0.499715
 2.990 0.504728 0.504728
 2.991 0.509878 0.509878
 2.992 0.515003 0.515003
 2.993 0.520148 0.520148
 2.994 0.525154 0.525154
 2.995 0.530166 0.530166
 2.996 0.535253 0.535253
 2.997 0.540149 0.540149
 2.998 0.545082 0.545082
 2.999 0.549733 0.549733
 3.000 0.554449 0.554449
 3.001 0.558861 0.558861
 3.002 0.563268 0.563268
 3.003 0.567481 0.567481
 3.004 0.571612 0.571612
 3.005 0.575643 0.575643
 3.006 0.579513 0.579513
 3.007 0.583309 0.583309
 3.008 0.587011 0.587011
 3.009 0.590726 0.590726
 3.010 0.594425 0.594425
 3.011 0.598117 0.598117
 3.012 0.601907 0.601907
 3.013 0.605688 0.605688
 3.014 0.609603 0.609603
 3.015 0.613522 0.613522
 3.016 0.617663 0.617663
 3.017 0.621813 0.621813
 3.018 0.626179 0.626179
 3.019 0.630604 0.630604
 3.020 0.635196 0.635196
 3.021 0.639866 0.639866
 3.022 0.644783 0.644783
 3.023 0.649673 0.649673
 3.024 0.654724 0.654724
 3.025 0.659853 0.659853
 3.026 0.665230 0.665230
 3.027 0.670434 0.670434
 3.028 0.675974 0.675974
 3.029 0.681286 0.681286
 3.030 0.686785 0.686785
 3.031 0.692442 0.692442
 3.032 0.698055 0.698055
 3.033 0.703847 0.703847
 3.034 0.709524 0.709524
 3.035 0.715298 0.715298
 3.036 0.721018 0.721018
 3.037 0.726563 0.726563
 3.038 0.732253 0.732253
 3.039 0.737890 0.737890
 3.040 0.743296 0.743296
 3.041 0.748738 0.748738
 3.042 0.754130 0.754130
 3.043 0.759286 0.759286
 3.044 0.764341 0.764341
 3.045 0.768969 0.768969
 3.046 0.773523 0.773523
 3.047 0.777683 0.777683
 3.048 0.781680 0.781680
 3.049 0.785539 0.785539
 3.050 0.789208 0.789208
 3.051 0.792758 0.792758
 3.052 0.796275 0.796275
 3.053 0.799826 0.799826
 3.054 0.803200 0.803200
 3.055 0.806934 0.806934
 3.056 0.810672 0.810672
 3.057 0.814551 0.814551
 3.058 0.818642 0.818642
 3.059 0.822659 0.822659
 3.060 0.826892 0.826892
 3.061 0.830999 0.830999
 3.062 0.835277 0.835277
 3.063 0.839751 0.839751
 3.064 0.843958 0.843958
 3.065 0.848082 0.848082
 3.066 0.852278 0.852278
 3.067 0.856197 0.856197
 3.068 0.860197 0.860197
 3.069 0.864086 0.864086
 3.070 0.867986 0.867986
 3.071 0.871888 0.871888
 3.072 0.875769 0.875769
 3.073 0.879593 0.879593
 3.074 0.883062 0.883062
 3.075 0.886653 0.886653
 3.076 0.890217 0.890217
 3.077 0.893412 0.893412
 3.078 0.896609 0.896609
 3.079 0.899267 0.899267
 3.080 0.901824 0.901824
 3.081 0.903920 0.903920
 3.082 0.905726 0.905726
 3.083 0.907176 0.907176
 3.084 0.908290 0.908290
 3.085 0.909227 0.909227
 3.086 0.909970 0.909970
 3.087 0.910625 0.910625
 3.088 0.911421 0.911421
 3.089 0.912383 0.912383
 3.090 0.914004 0.914004
 3.091 0.915918 0.915918
 3.092 0.918581 0.918581
 3.093 0.921562 0.921562
 3.094 0.924937 0.924937
 3.095 0.928359 0.928359
 3.096 0.932231 0.932231
 3.097 0.935974 0.935974
 3.098 0.939939 0.939939
 3.099 0.943717 0.943717
 3.100 0.947725 0.947725
 3.101 0.951493 0.951493
 3.102 0.955235 0.955235
 3.103 0.959049 0.959049
 3.104 0.962487 0.962487
 3.105 0.965830 0.965830
 3.106 0.969413 0.969413
 3.107 0.972608 0.972608
 3.108 0.976107 0.976107
 3.109 0.979092 0.979092
 3.110 0.982419 0.982419
 3.111 0.985122 0.985122
 3.112 0.988060 0.988060
 3.113 0.990493 0.990493
 3.114 0.993080 0.993080
 3.115 0.995693 0.995693
 3.116 0.997941 0.997941
 3.117 1.000573 1.000573
 3.118 1.003288 1.003288
 3.119 1.005809 1.005809
 3.120 1.008659 1.008659
 3.121 1.011459 1.011459
 3.122 1.014073 1.014073
 3.123 1.016778 1.016778
 3.124 1.018793 1.018793
 3.125 1.020737 1.020737
 3.126 1.022048 1.022048
 3.127 1.023062 1.023062
 3.128 1.023915 1.023915
 3.129 1.024550 1.024550
 3.130 1.025356 1.025356
 3.131 1.026008 1.026008
 3.132 1.026779 1.026779
 3.133 1.027476 1.027476
 3.134 1.028348 1.028348
 3.135 1.029384 1.029384
 3.136 1.030568 1.030568
 3.137 1.031623 1.031623
 3.138 1.032880 1.032880
 3.139 1.033932 1.033932
 3.140 1.035203 1.035203
 3.141 1.036419 1.036419
 3.142 1.037417 1.037417
 3.143 1.038572 1.038572
 3.144 1.039112 1.039112
 3.145 1.039258 1.039258
 3.146 1.039597 1.039597
 3.147 1.039853 1.039853
 3.148 1.040371 1.040371
 3.149 1.041552 1.041552
 3.150 1.042572 1.042572
 3.151 1.044461 1.044461
 3.152 1.046261 1.046261
 3.153 1.048638 1.048638
 3.154 1.050724 1.050724
 3.155 1.053221 1.053221
 3.156 1.055301 1.055301
 3.157 1.057615 1.057615
 3.158 1.059419 1.059419
 3.159 1.061491 1.061491
 3.160 1.063554 1.063554
 3.161 1.065443 1.065443
 3.162 1.067512 1.067512
 3.163 1.068924 1.068924
 3.164 1.070368 1.070368
 3.165 1.071656 1.071656
 3.166 1.072755 1.072755
 3.167 1.073302 1.073302
 3.168 1.073724 1.073724
 3.169 1.073578 1.073578
 3.170 1.073088 1.073088
 3.171 1.072415 1.072415
 3.172 1.071916 1.071916
 3.173 1.071166 1.071166
 3.174 1.070635 1.070635
 3.175 1.070083 1.070083
 3.176 1.069764 1.069764
 3.177 1.069753 1.069753
 3.178 1.070095 1.070095
 3.179 1.070728 1.070728
 3.180 1.071504 1.071504
 3.181 1.072391 1.072391
 3.182 1.073181 1.073181
 3.183 1.073864 1.073864
 3.184 1.074612 1.074612
 3.185 1.074758 1.074758
 3.186 1.074735 1.074735
 3.187 1.074340 1.074340
 3.188 1.073476 1.073476
 3.189 1.072158 1.072158
 3.190 1.070826 1.070826
 3.191 1.068984 1.068984
 3.192 1.067429 1.067429
 3.193 1.065726 1.065726
 3.194 1.064605 1.064605
 3.195 1.063300 1.063300
 3.196 1.062671 1.062671
 3.197 1.062756 1.062756
 3.198 1.062901 1.062901
 3.199 1.063284 1.063284
 3.200 1.064088 1.064088
 3.201 1.064394 1.064394
 3.202 1.065016 1.065016
 3.203 1.065076 1.065076
 3.204 1.065643 1.065643
 3.205 1.065818 1.065818
 3.206 1.066794 1.066794
 3.207 1.067699 1.067699
 3.208 1.070032 1.070032
 3.209 1.071967 1.071967
 3.210 1.074714 1.074714
 3.211 1.077741 1.077741
 3.212 1.080583 1.080583
 3.213 1.084084 1.084084
 3.214 1.087257 1.087257
 3.215 1.090501 1.090501
 3.216 1.093448 1.093448
 3.217 1.096285 1.096285
 3.218 1.098474 1.098474
 3.219 1.100336 1.100336
 3.220 1.101210 1.101210
 3.221 1.101753 1.101753
 3.222 1.101227 1.101227
 3.223 1.100599 1.100599
 3.224 1.099136 1.099136
 3.225 1.097504 1.097504
 3.226 1.095526 1.095526
 3.227 1.093527 1.093527
 3.228 1.091392 1.091392
 3.229 1.089263 1.089263
 3.230 1.087199 1.087199
 3.231 1.084779 1.084779
 3.232 1.082932 1.082932
 3.233 1.081177 1.081177
 3.234 1.079542 1.079542
 3.235 1.077865 1.077865
 3.236 1.076603 1.076603
 3.237 1.075143 1.075143
 3.238 1.073839 1.073839
 3.239 1.072536 1.072536
 3.240 1.071219 1.071219
 3.241 1.070038 1.070038
 3.242 1.068932 1.068932
 3.243 1.067239 1.067239
 3.244 1.065759 1.065759
 3.245 1.063604 1.063604
 3.246 1.061416 1.061416
 3.247 1.058779 1.058779
 3.248 1.055972 1.055972
 3.249 1.053537 1.053537
 3.250 1.050908 1.050908
 3.251 1.048503 1.048503
 3.252 1.046825 1.046825
 3.253 1.045245 1.045245
 3.254 1.044027 1.044027
 3.255 1.043374 1.043374
 3.256 1.042355 1.042355
 3.257 1.041286 1.041286
 3.258 1.040543 1.040543
 3.259 1.039399 1.039399
 3.260 1.038940 1.038940
 3.261 1.037834 1.037834
 3.262 1.037311 1.037311
 3.263 1.036069 1.036069
 3.264 1.035504 1.035504
 3.265 1.034717 1.034717
 3.266 1.034837 1.034837
 3.267 1.035037 1.035037
 3.268 1.036268 1.036268
 3.269 1.037356 1.037356
 3.270 1.039181 1.039181
 3.271 1.041279 1.041279
 3.272 1.043051 1.043051
 3.273 1.045680 1.045680
 3.274 1.047677 1.047677
 3.275 1.049946 1.049946
 3.276 1.051877 1.051877
 3.277 1.053864 1.053864
 3.278 1.055157 1.055157
 3.279 1.056298 1.056298
 3.280 1.056978 1.056978
 3.281 1.057599 1.057599
 3.282 1.057500 1.057500
 3.283 1.057500 1.057500
 3.284 1.057097 1.057097
 3.285 1.056748 1.056748
 3.286 1.056463 1.056463
 3.287 1.055846 1.055846
 3.288 1.055740 1.055740
 3.289 1.055454 1.055454
 3.290 1.055016 1.055016
 3.291 1.054431 1.054431
 3.292 1.053646 1.053646
 3.293 1.052656 1.052656
 3.294 1.051603 1.051603
 3.295 1.050437 1.050437
 3.296 1.049337 1.049337
 3.297 1.048071 1.048071
 3.298 1.046815 1.046815
 3.299 1.045725 1.045725
 3.300 1.044856 1.044856
 3.301 1.044082 1.044082
 3.302 1.043481 1.043481
 3.303 1.042990 1.042990
 3.304 1.042753 1.042753
 3.305 1.042603 1.042603
 3.306 1.042421 1.042421
 3.307 1.043054 1.043054
 3.308 1.043361 1.043361
 3.309 1.043881 1.043881
 3.310 1.044474 1.044474
 3.311 1.044949 1.044949
 3.312 1.045165 1.045165
 3.313 1.045858 1.045858
 3.314 1.045920 1.045920
 3.315 1.045819 1.045819
 3.316 1.045325 1.045325
 3.317 1.045236 1.045236
 3.318 1.044388 1.044388
 3.319 1.043371 1.043371
 3.320 1.042600 1.042600
 3.321 1.041276 1.041276
 3.322 1.040005 1.040005
 3.323 1.039570 1.039570
 3.324 1.038803 1.038803
 3.325 1.038072 1.038072
 3.326 1.037952 1.037952
 3.327 1.037179 1.037179
 3.328 1.037302 1.037302
 3.329 1.036848 1.036848
 3.330 1.037305 1.037305
 3.331 1.037204 1.037204
 3.332 1.037841 1.037841
 3.333 1.037774 1.037774
 3.334 1.038267 1.038267
 3.335 1.038068 1.038068
 3.336 1.038613 1.038613
 3.337 1.038565 1.038565
 3.338 1.039249 1.039249
 3.339 1.039226 1.039226
 3.340 1.039450 1.039450
 3.341 1.039511 1.039511
 3.342 1.038990 1.038990
 3.343 1.039009 1.039009
 3.344 1.038051 1.038051
 3.345 1.037482 1.037482
 3.346 1.036986 1.036986
 3.347 1.035842 1.035842
 3.348 1.035075 1.035075
 3.349 1.034192 1.034192
 3.350 1.032921 1.032921
 3.351 1.032514 1.032514
 3.352 1.032116 1.032116
 3.353 1.032167 1.032167
 3.354 1.031697 1.031697
 3.355 1.032137 1.032137
 3.356 1.032357 1.032357
 3.357 1.032681 1.032681
 3.358 1.033278 1.033278
 3.359 1.033456 1.033456
 3.360 1.034075 1.034075
 3.361 1.034412 1.034412
 3.362 1.034551 1.034551
 3.363 1.034731 1.034731
 3.364 1.034823 1.034823
 3.365 1.035014 1.035014
 3.366 1.035455 1.035455
 3.367 1.035406 1.035406
 3.368 1.036154 1.036154
 3.369 1.036600 1.036600
 3.370 1.037298 1.037298
 3.371 1.037890 1.037890
 3.372 1.038588 1.038588
 3.373 1.039084 1.039084
 3.374 1.039454 1.039454
 3.375 1.039489 1.039489
 3.376 1.039527 1.039527
 3.377 1.039221 1.039221
 3.378 1.038838 1.038838
 3.379 1.038314 1.038314
 3.380 1.037462 1.037462
 3.381 1.037119 1.037119
 3.382 1.035981 1.035981
 3.383 1.035055 1.035055
 3.384 1.034198 1.034198
 3.385 1.033249 1.033249
 3.386 1.032332 1.032332
 3.387 1.031178 1.031178
 3.388 1.029681 1.029681
 3.389 1.028696 1.028696
 3.390 1.027117 1.027117
 3.391 1.025555 1.025555
 3.392 1.024164 1.024164
 3.393 1.022359 1.022359
 3.394 1.021374 1.021374
 3.395 1.019972 1.019972
 3.396 1.019397 1.019397
 3.397 1.018903 1.018903
 3.398 1.019119 1.019119
 3.399 1.018816 1.018816
 3.400 1.018672 1.018672
 3.401 1.019400 1.019400
 3.402 1.020093 1.020093
 3.403 1.021126 1.021126
 3.404 1.021926 1.021926
 3.405 1.023408 1.023408
 3.406 1.023930 1.023930
 3.407 1.025403 1.025403
 3.408 1.025909 1.025909
 3.409 1.026285 1.026285
 3.410 1.026996 1.026996
 3.411 1.026307 1.026307
 3.412 1.026301 1.026301
 3.413 1.025289 1.025289
 3.414 1.024155 1.024155
 3.415 1.023496 1.023496
 3.416 1.021914 1.021914
 3.417 1.021154 1.021154
 3.418 1.019527 1.019527
 3.419 1.018747 1.018747
 3.420 1.017064 1.017064
 3.421 1.016507 1.016507
 3.422 1.015158 1.015158
 3.423 1.015016 1.015016
 3.424 1.014151 1.014151
 3.425 1.014062 1.014062
 3.426 1.014177 1.014177
 3.427 1.014066 1.014066
 3.428 1.015256 1.015256
 3.429 1.015521 1.015521
 3.430 1.016616 1.016616
 3.431 1.017901 1.017901
 3.432 1.018578 1.018578
 3.433 1.020334 1.020334
 3.434 1.021131 1.021131
 3.435 1.022703 1.022703
 3.436 1.024261 1.024261
 3.437 1.024795 1.024795
 3.438 1.025582 1.025582
 3.439 1.026127 1.026127
 3.440 1.026620 1.026620
 3.441 1.026055 1.026055
 3.442 1.025391 1.025391
 3.443 1.024612 1.024612
 3.444 1.022747 1.022747
 3.445 1.021534 1.021534
 3.446 1.019647 1.019647
 3.447 1.017393 1.017393
 3.448 1.015746 1.015746
 3.449 1.013386 1.013386
 3.450 1.011719 1.011719
 3.451 1.009924 1.009924
 3.452 1.008115 1.008115
 3.453 1.007280 1.007280
 3.454 1.005506 1.005506
 3.455 1.005136 1.005136
 3.456 1.004786 1.004786
 3.457 1.004648 1.004648
 3.458 1.004480 1.004480
 3.459 1.004173 1.004173
 3.460 1.003641 1.003641
 3.461 1.003432 1.003432
 3.462 1.002421 1.002421
 3.463 1.001971 1.001971
 3.464 1.001302 1.001302
 3.465 1.000637 1.000637
 3.466 0.999974 0.999974
 3.467 0.999459 0.999459
 3.468 0.998945 0.998945
 3.469 0.998662 0.998662
 3.470 0.998320 0.998320
 3.471 0.998070 0.998070
 3.472 0.997825 0.997825
 3.473 0.997596 0.997596
 3.474 0.997488 0.997488
 3.475 0.997383 0.997383
 3.476 0.997551 0.997551
 3.477 0.997779 0.997779
 3.478 0.998054 0.998054
 3.479 0.998240 0.998240
 3.480 0.998425 0.998425
 3.481 0.998326 0.998326
 3.482 0.999013 0.999013
 3.483 0.998804 0.998804
 3.484 0.998782 0.998782
 3.485 0.998708 0.998708
 3.486 0.998460 0.998460
 3.487 0.998188 0.998188
 3.488 0.997713 0.997713
 3.489 0.996487 0.996487
 3.490 0.996110 0.996110
 3.491 0.994885 0.994885
 3.492 0.993884 0.993884
 3.493 0.992764 0.992764
 3.494 0.991251 0.991251
 3.495 0.990590 0.990590
 3.496 0.989079 0.989079
 3.497 0.988303 0.988303
 3.498 0.987892 0.987892
 3.499 0.987083 0.987083
 3.500 0.987226 0.987226
 3.501 0.986676 0.986676
 3.502 0.986721 0.986721
 3.503 0.986471 0.986471
 3.504 0.986697 0.986697
 3.505 0.985772 0.985772
 3.506 0.984700 0.984700
 3.507 0.984598 0.984598
 3.508 0.983719 0.983719
 3.509 0.982919 0.982919
 3.510 0.983187 0.983187
 3.511 0.982765 0.982765
 3.512 0.982331 0.982331
 3.513 0.983068 0.983068
 3.514 0.982643 0.982643
 3.515 0.982269 0.982269
 3.516 0.982948 0.982948
 3.517 0.982762 0.982762
 3.518 0.982415 0.982415
 3.519 0.982940 0.982940
 3.520 0.982143 0.982143
 3.521 0.982476 0.982476
 3.522 0.981859 0.981859
 3.523 0.980831 0.980831
 3.524 0.980420 0.980420
 3.525 0.978671 0.978671
 3.526 0.977692 0.977692
 3.527 0.975530 0.975530
 3.528 0.974199 0.974199
 3.529 0.971788 0.971788
 3.530 0.970380 0.970380
 3.531 0.967966 0.967966
 3.532 0.966746 0.966746
 3.533 0.964506 0.964506
 3.534 0.963781 0.963781
 3.535 0.962014 0.962014
 3.536 0.961770 0.961770
 3.537 0.960595 0.960595
 3.538 0.960823 0.960823
 3.539 0.960111 0.960111
 3.540 0.960715 0.960715
 3.541 0.960358 0.960358
 3.542 0.960998 0.960998
 3.543 0.961789 0.961789
 3.544 0.961306 0.961306
 3.545 0.962384 0.962384
 3.546 0.962046 0.962046
 3.547 0.962167 0.962167
 3.548 0.962337 0.962337
 3.549 0.961431 0.961431
 3.550 0.961378 0.961378
 3.551 0.959633 0.959633
 3.552 0.958294 0.958294
 3.553 0.956885 0.956885
 3.554 0.954308 0.954308
 3.555 0.952931 0.952931
 3.556 0.951988 0.951988
 3.557 0.949794 0.949794
 3.558 0.948762 0.948762
 3.559 0.947979 0.947979
 3.560 0.946937 0.946937
 3.561 0.947180 0.947180
 3.562 0.947435 0.947435
 3.563 0.948264 0.948264
 3.564 0.947808 0.947808
 3.565 0.948233 0.948233
 3.566 0.948616 0.948616
 3.567 0.947807 0.947807
 3.568 0.948078 0.948078
 3.569 0.947182 0.947182
 3.570 0.946090 0.946090
 3.571 0.945407 0.945407
 3.572 0.943483 0.943483
 3.573 0.942203 0.942203
 3.574 0.940524 0.940524
 3.575 0.939648 0.939648
 3.576 0.938152 0.938152
 3.577 0.937812 0.937812
 3.578 0.937238 0.937238
 3.579 0.936558 0.936558
 3.580 0.936051 0.936051
 3.581 0.935835 0.935835
 3.582 0.934696 0.934696
 3.583 0.934642 0.934642
 3.584 0.933969 0.933969
 3.585 0.933129 0.933129
 3.586 0.932256 0.932256
 3.587 0.931072 0.931072
 3.588 0.930006 0.930006
 3.589 0.929547 0.929547
 3.590 0.927629 0.927629
 3.591 0.926372 0.926372
 3.592 0.924747 0.924747
 3.593 0.923095 0.923095
 3.594 0.921641 0.921641
 3.595 0.920211 0.920211
 3.596 0.919026 0.919026
 3.597 0.917875 0.917875
 3.598 0.916961 0.916961
 3.599 0.916212 0.916212
 3.600 0.915971 0.915971
 3.601 0.915819 0.915819
 3.602 0.915877 0.915877
 3.603 0.916040 0.916040
 3.604 0.916338 0.916338
 3.605 0.916753 0.916753
 3.606 0.917010 0.917010
 3.607 0.917299 0.917299
 3.608 0.917459 0.917459
 3.609 0.917416 0.917416
 3.610 0.917399 0.917399
 3.611 0.916859 0.916859
 3.612 0.916157 0.916157
 3.613 0.915198 0.915198
 3.614 0.914058 0.914058
 3.615 0.912929 0.912929
 3.616 0.911626 0.911626
 3.617 0.910179 0.910179
 3.618 0.908564 0.908564
 3.619 0.906840 0.906840
 3.620 0.905123 0.905123
 3.621 0.903411 0.903411
 3.622 0.901636 0.901636
 3.623 0.899517 0.899517
 3.624 0.898624 0.898624
 3.625 0.896515 0.896515
 3.626 0.895243 0.895243
 3.627 0.894068 0.894068
 3.628 0.893258 0.893258
 3.629 0.892831 0.892831
 3.630 0.892311 0.892311
 3.631 0.891493 0.891493
 3.632 0.892164 0.892164
 3.633 0.891913 0.891913
 3.634 0.891917 0.891917
 3.635 0.891825 0.891825
 3.636 0.891590 0.891590
 3.637 0.890398 0.890398
 3.638 0.889893 0.889893
 3.639 0.888064 0.888064
 3.640 0.886283 0.886283
 3.641 0.884297 0.884297
 3.642 0.881300 0.881300
 3.643 0.879591 0.879591
 3.644 0.876841 0.876841
 3.645 0.874414 0.874414
 3.646 0.871898 0.871898
 3.647 0.868975 0.868975
 3.648 0.867434 0.867434
 3.649 0.865163 0.865163
 3.650 0.862848 0.862848
 3.651 0.860107 0.860107
 3.652 0.858789 0.858789
 3.653 0.856790 0.856790
 3.654 0.855445 0.855445
 3.655 0.853666 0.853666
 3.656 0.853397 0.853397
 3.657 0.851933 0.851933
 3.658 0.850563 0.850563
 3.659 0.850976 0.850976
 3.660 0.850419 0.850419
 3.661 0.849872 0.849872
 3.662 0.850349 0.850349
 3.663 0.849325 0.849325
 3.664 0.848366 0.848366
 3.665 0.846860 0.846860
 3.666 0.846489 0.846489
 3.667 0.844578 0.844578
 3.668 0.842495 0.842495
 3.669 0.841009 0.841009
 3.670 0.837527 0.837527
 3.671 0.835763 0.835763
 3.672 0.832603 0.832603
 3.673 0.829293 0.829293
 3.674 0.827052 0.827052
 3.675 0.823468 0.823468
 3.676 0.819796 0.819796
 3.677 0.817495 0.817495
 3.678 0.813447 0.813447
 3.679 0.811225 0.811225
 3.680 0.808034 0.808034
 3.681 0.804673 0.804673
 3.682 0.802460 0.802460
 3.683 0.798751 0.798751
 3.684 0.797177 0.797177
 3.685 0.795169 0.795169
 3.686 0.793183 0.793183
 3.687 0.792625 0.792625
 3.688 0.790384 0.790384
 3.689 0.789947 0.789947
 3.690 0.788078 0.788078
 3.691 0.787929 0.787929
 3.692 0.786291 0.786291
 3.693 0.786291 0.786291
 3.694 0.784664 0.784664
 3.695 0.784892 0.784892
 3.696 0.783965 0.783965
 3.697 0.782923 0.782923
 3.698 0.782698 0.782698
 3.699 0.780618 0.780618
 3.700 0.779975 0.779975
 3.701 0.777365 0.777365
 3.702 0.776362 0.776362
 3.703 0.773481 0.773481
 3.704 0.772213 0.772213
 3.705 0.768979 0.768979
 3.706 0.767084 0.767084
 3.707 0.765154 0.765154
 3.708 0.761830 0.761830
 3.709 0.760019 0.760019
 3.710 0.756743 0.756743
 3.711 0.755209 0.755209
 3.712 0.752326 0.752326
 3.713 0.751198 0.751198
 3.714 0.748535 0.748535
 3.715 0.747677 0.747677
 3.716 0.745087 0.745087
 3.717 0.743547 0.743547
 3.718 0.742227 0.742227
 3.719 0.739740 0.739740
 3.720 0.739130 0.739130
 3.721 0.736526 0.736526
 3.722 0.735169 0.735169
 3.723 0.733920 0.733920
 3.724 0.730866 0.730866
 3.725 0.729463 0.729463
 3.726 0.726089 0.726089
 3.727 0.724176 0.724176
 3.728 0.722528 0.722528
 3.729 0.719109 0.719109
 3.730 0.717054 0.717054
 3.731 0.715295 0.715295
 3.732 0.712392 0.712392
 3.733 0.711561 0.711561
 3.734 0.708491 0.708491
 3.735 0.706570 0.706570
 3.736 0.704710 0.704710
 3.737 0.701339 0.701339
 3.738 0.699614 0.699614
 3.739 0.697763 0.697763
 3.740 0.694128 0.694128
 3.741 0.691934 0.691934
 3.742 0.689555 0.689555
 3.743 0.685468 0.685468
 3.744 0.682504 0.682504
 3.745 0.679455 0.679455
 3.746 0.675170 0.675170
 3.747 0.672344 0.672344
 3.748 0.669288 0.669288
 3.749 0.666698 0.666698
 3.750 0.662444 0.662444
 3.751 0.659359 0.659359
 3.752 0.656359 0.656359
 3.753 0.652340 0.652340
 3.754 0.650060 0.650060
 3.755 0.647551 0.647551
 3.756 0.645607 0.645607
 3.757 0.642187 0.642187
 3.758 0.639750 0.639750
 3.759 0.637360 0.637360
 3.760 0.635731 0.635731
 3.761 0.632803 0.632803
 3.762 0.630739 0.630739
 3.763 0.628301 0.628301
 3.764 0.626429 0.626429
 3.765 0.623569 0.623569
 3.766 0.621945 0.621945
 3.767 0.619453 0.619453
 3.768 0.616895 0.616895
 3.769 0.615127 0.615127
 3.770 0.611860 0.611860
 3.771 0.609397 0.609397
 3.772 0.606266 0.606266
 3.773 0.603377 0.603377
 3.774 0.601011 0.601011
 3.775 0.596984 0.596984
 3.776 0.593840 0.593840
 3.777 0.590220 0.590220
 3.778 0.586800 0.586800
 3.779 0.583878 0.583878
 3.780 0.579346 0.579346
 3.781 0.575842 0.575842
 3.782 0.572056 0.572056
 3.783 0.568058 0.568058
 3.784 0.564205 0.564205
 3.785 0.561139 0.561139
 3.786 0.556953 0.556953
 3.787 0.554018 0.554018
 3.788 0.550838 0.550838
 3.789 0.547664 0.547664
 3.790 0.544541 0.544541
 3.791 0.541527 0.541527
 3.792 0.539358 0.539358
 3.793 0.536310 0.536310
 3.794 0.534515 0.534515
 3.795 0.532607 0.532607
 3.796 0.530835 0.530835
 3.797 0.529385 0.529385
 3.798 0.528140 0.528140
 3.799 0.526838 0.526838
 3.800 0.525670 0.525670
 3.801 0.525030 0.525030
 3.802 0.523523 0.523523
 3.803 0.523424 0.523424
 3.804 0.522663 0.522663
 3.805 0.521865 0.521865
 3.806 0.520985 0.520985
 3.807 0.519970 0.519970
 3.808 0.518983 0.518983
 3.809 0.517906 0.517906
 3.810 0.516830 0.516830
 3.811 0.515724 0.515724
 3.812 0.514487 0.514487
 3.813 0.513077 0.513077
 3.814 0.511295 0.511295
 3.815 0.510018 0.510018
 3.816 0.507486 0.507486
 3.817 0.506284 0.506284
 3.818 0.504351 0.504351
 3.819 0.502159 0.502159
 3.820 0.500010 0.500010
 3.821 0.497645 0.497645
 3.822 0.495260 0.495260
 3.823 0.492794 0.492794
 3.824 0.490248 0.490248
 3.825 0.487701 0.487701
 3.826 0.485085 0.485085
 3.827 0.482409 0.482409
 3.828 0.479764 0.479764
 3.829 0.477023 0.477023
 3.830 0.474363 0.474363
 3.831 0.471700 0.471700
 3.832 0.469027 0.469027
 3.833 0.466516 0.466516
 3.834 0.463875 0.463875
 3.835 0.461391 0.461391
 3.836 0.458842 0.458842
 3.837 0.456364 0.456364
 3.838 0.453941 0.453941
 3.839 0.451462 0.451462
 3.840 0.449104 0.449104
 3.841 0.446713 0.446713
 3.842 0.444403 0.444403
 3.843 0.442112 0.442112
 3.844 0.439875 0.439875
 3.845 0.437704 0.437704
 3.846 0.435287 0.435287
 3.847 0.432537 0.432537
 3.848 0.431091 0.431091
 3.849 0.428685 0.428685
 3.850 0.426542 0.426542
 3.851 0.424506 0.424506
 3.852 0.422237 0.422237
 3.853 0.420083 0.420083
 3.854 0.417912 0.417912
 3.855 0.415803 0.415803
 3.856 0.413686 0.413686
 3.857 0.411550 0.411550
 3.858 0.409568 0.409568
 3.859 0.407552 0.407552
 3.860 0.405288 0.405288
 3.861 0.402525 0.402525
 3.862 0.401207 0.401207
 3.863 0.398843 0.398843
 3.864 0.396655 0.396655
 3.865 0.394676 0.394676
 3.866 0.392366 0.392366
 3.867 0.390048 0.390048
 3.868 0.387614 0.387614
 3.869 0.385139 0.385139
 3.870 0.382448 0.382448
 3.871 0.379466 0.379466
 3.872 0.377470 0.377470
 3.873 0.374331 0.374331
 3.874 0.371558 0.371558
 3.875 0.368788 0.368788
 3.876 0.365936 0.365936
 3.877 0.362930 0.362930
 3.878 0.359751 0.359751
 3.879 0.357526 0.357526
 3.880 0.354414 0.354414
 3.881 0.351546 0.351546
 3.882 0.348765 0.348765
 3.883 0.345950 0.345950
 3.884 0.342843 0.342843
 3.885 0.339669 0.339669
 3.886 0.337595 0.337595
 3.887 0.334734 0.334734
 3.888 0.332169 0.332169
 3.889 0.329894 0.329894
 3.890 0.327618 0.327618
 3.891 0.324742 0.324742
 3.892 0.323021 0.323021
 3.893 0.320444 0.320444
 3.894 0.318285 0.318285
 3.895 0.316187 0.316187
 3.896 0.313958 0.313958
 3.897 0.311554 0.311554
 3.898 0.310198 0.310198
 3.899 0.308056 0.308056
 3.900 0.306140 0.306140
 3.901 0.304226 0.304226
 3.902 0.302044 0.302044
 3.903 0.300691 0.300691
 3.904 0.298452 0.298452
 3.905 0.296563 0.296563
 3.906 0.294584 0.294584
 3.907 0.292355 0.292355
 3.908 0.291006 0.291006
 3.909 0.288593 0.288593
 3.910 0.286313 0.286313
 3.911 0.283598 0.283598
 3.912 0.282103 0.282103
 3.913 0.279761 0.279761
 3.914 0.277578 0.277578
 3.915 0.275334 0.275334
 3.916 0.272561 0.272561
 3.917 0.270966 0.270966
 3.918 0.268810 0.268810
 3.919 0.266672 0.266672
 3.920 0.264130 0.264130
 3.921 0.262442 0.262442
 3.922 0.260124 0.260124
 3.923 0.258121 0.258121
 3.924 0.255897 0.255897
 3.925 0.254575 0.254575
 3.926 0.252205 0.252205
 3.927 0.250131 0.250131
 3.928 0.247833 0.247833
 3.929 0.246617 0.246617
 3.930 0.244663 0.244663
 3.931 0.242775 0.242775
 3.932 0.241856 0.241856
 3.933 0.239904 0.239904
 3.934 0.238054 0.238054
 3.935 0.235831 0.235831
 3.936 0.234753 0.234753
 3.937 0.232947 0.232947
 3.938 0.231323 0.231323
 3.939 0.229340 0.229340
 3.940 0.228061 0.228061
 3.941 0.225748 0.225748
 3.942 0.223326 0.223326
 3.943 0.221931 0.221931
 3.944 0.219559 0.219559
 3.945 0.217049 0.217049
 3.946 0.215511 0.215511
 3.947 0.213370 0.213370
 3.948 0.211208 0.211208
 3.949 0.208699 0.208699
 3.950 0.206996 0.206996
 3.951 0.204438 0.204438
 3.952 0.201837 0.201837
 3.953 0.200255 0.200255
 3.954 0.197870 0.197870
 3.955 0.195594 0.195594
 3.956 0.194180 0.194180
 3.957 0.192069 0.192069
 3.958 0.189956 0.189956
 3.959 0.188659 0.188659
 3.960 0.186410 0.186410
 3.961 0.184168 0.184168
 3.962 0.182871 0.182871
 3.963 0.180761 0.180761
 3.964 0.178622 0.178622
 3.965 0.177433 0.177433
 3.966 0.175486 0.175486
 3.967 0.173576 0.173576
 3.968 0.172488 0.172488
 3.969 0.170787 0.170787
 3.970 0.169075 0.169075
 3.971 0.168000 0.168000
 3.972 0.165940 0.165940
 3.973 0.164927 0.164927
 3.974 0.163443 0.163443
 3.975 0.161992 0.161992
 3.976 0.161313 0.161313
 3.977 0.159781 0.159781
 3.978 0.158281 0.158281
 3.979 0.157615 0.157615
 3.980 0.156252 0.156252
 3.981 0.154960 0.154960
 3.982 0.154469 0.154469
 3.983 0.153055 0.153055
 3.984 0.152596 0.152596
 3.985 0.151565 0.151565
 3.986 0.150532 0.150532
 3.987 0.150243 0.150243
 3.988 0.149060 0.149060
 3.989 0.148836 0.148836
 3.990 0.148095 0.148095
 3.991 0.147295 0.147295
 3.992 0.147156 0.147156
 3.993 0.146138 0.146138
 3.994 0.146071 0.146071
 3.995 0.145512 0.145512
 3.996 0.144840 0.144840
 3.997 0.144788 0.144788
 3.998 0.143911 0.143911
 3.999 0.143976 0.143976
 4.000 0.143518 0.143518
 4.001 0.142912 0.142912
 4.002 0.142899 0.142899
 4.003 0.142179 0.142179
 4.004 0.142342 0.142342
 4.005 0.141676 0.141676
 4.006 0.141767 0.141767
 4.007 0.141179 0.141179
 4.008 0.140582 0.140582
 4.009 0.140720 0.140720
 4.010 0.139908 0.139908
 4.011 0.140022 0.140022
 4.012 0.139413 0.139413
 4.013 0.139521 0.139521
 4.014 0.138811 0.138811
 4.015 0.138096 0.138096
 4.016 0.138198 0.138198
 4.017 0.137467 0.137467
 4.018 0.137436 0.137436
 4.019 0.136577 0.136577
 4.020 0.136470 0.136470
 4.021 0.135491 0.135491
 4.022 0.135427 0.135427
 4.023 0.134807 0.134807
 4.024 0.134151 0.134151
 4.025 0.134054 0.134054
 4.026 0.132977 0.132977
 4.027 0.132654 0.132654
 4.028 0.131616 0.131616
 4.029 0.131380 0.131380
 4.030 0.130362 0.130362
 4.031 0.130193 0.130193
 4.032 0.129237 0.129237
 4.033 0.129002 0.129002
 4.034 0.127946 0.127946
 4.035 0.127625 0.127625
 4.036 0.126443 0.126443
 4.037 0.126030 0.126030
 4.038 0.124902 0.124902
 4.039 0.124504 0.124504
 4.040 0.123333 0.123333
 4.041 0.123053 0.123053
 4.042 0.122199 0.122199
 4.043 0.121208 0.121208
 4.044 0.120778 0.120778
 4.045 0.119668 0.119668
 4.046 0.119408 0.119408
 4.047 0.118368 0.118368
 4.048 0.118082 0.118082
 4.049 0.117041 0.117041
 4.050 0.116661 0.116661
 4.051 0.115473 0.115473
 4.052 0.115076 0.115076
 4.053 0.113962 0.113962
 4.054 0.113564 0.113564
 4.055 0.112436 0.112436
 4.056 0.112091 0.112091
 4.057 0.111742 0.111742
 4.058 0.110626 0.110626
 4.059 0.110298 0.110298
 4.060 0.109302 0.109302
 4.061 0.109088 0.109088
 4.062 0.108098 0.108098
 4.063 0.107824 0.107824
 4.064 0.106866 0.106866
 4.065 0.106463 0.106463
 4.066 0.105291 0.105291
 4.067 0.104854 0.104854
 4.068 0.103654 0.103654
 4.069 0.103137 0.103137
 4.070 0.101988 0.101988
 4.071 0.101598 0.101598
 4.072 0.100501 0.100501
 4.073 0.100101 0.100101
 4.074 0.098895 0.098895
 4.075 0.098109 0.098109
 4.076 0.097347 0.097347
 4.077 0.096036 0.096036
 4.078 0.095547 0.095547
 4.079 0.094434 0.094434
 4.080 0.093836 0.093836
 4.081 0.092532 0.092532
 4.082 0.091939 0.091939
 4.083 0.090670 0.090670
 4.084 0.090026 0.090026
 4.085 0.088751 0.088751
 4.086 0.088165 0.088165
 4.087 0.087594 0.087594
 4.088 0.086349 0.086349
 4.089 0.085803 0.085803
 4.090 0.084738 0.084738
 4.091 0.084326 0.084326
 4.092 0.083152 0.083152
 4.093 0.082468 0.082468
 4.094 0.081829 0.081829
 4.095 0.080777 0.080777
 4.096 0.080404 0.080404
 4.097 0.079457 0.079457
 4.098 0.079136 0.079136
 4.099 0.078108 0.078108
 4.100 0.077507 0.077507
 4.101 0.076919 0.076919
 4.102 0.075871 0.075871
 4.103 0.075561 0.075561
 4.104 0.074711 0.074711
 4.105 0.074424 0.074424
 4.106 0.073463 0.073463
 4.107 0.072947 0.072947
 4.108 0.072562 0.072562
 4.109 0.071783 0.071783
 4.110 0.071628 0.071628
 4.111 0.070817 0.070817
 4.112 0.070432 0.070432
 4.113 0.070198 0.070198
 4.114 0.069567 0.069567
 4.115 0.069578 0.069578
 4.116 0.068948 0.068948
 4.117 0.068721 0.068721
 4.118 0.068658 0.068658
 4.119 0.068182 0.068182
 4.120 0.068361 0.068361
 4.121 0.067906 0.067906
 4.122 0.067825 0.067825
 4.123 0.067893 0.067893
 4.124 0.067521 0.067521
 4.125 0.067794 0.067794
 4.126 0.067414 0.067414
 4.127 0.067376 0.067376
 4.128 0.067426 0.067426
 4.129 0.067006 0.067006
 4.130 0.067211 0.067211
 4.131 0.066721 0.066721
 4.132 0.066605 0.066605
 4.133 0.066598 0.066598
 4.134 0.065974 0.065974
 4.135 0.065816 0.065816
 4.136 0.065590 0.065590
 4.137 0.064959 0.064959
 4.138 0.064858 0.064858
 4.139 0.064064 0.064064
 4.140 0.063720 0.063720
 4.141 0.063447 0.063447
 4.142 0.062627 0.062627
 4.143 0.062197 0.062197
 4.144 0.061765 0.061765
 4.145 0.060904 0.060904
 4.146 0.060738 0.060738
 4.147 0.059913 0.059913
 4.148 0.059503 0.059503
 4.149 0.059075 0.059075
 4.150 0.058124 0.058124
 4.151 0.057691 0.057691
 4.152 0.057266 0.057266
 4.153 0.056349 0.056349
 4.154 0.055994 0.055994
 4.155 0.055654 0.055654
 4.156 0.054815 0.054815
 4.157 0.054504 0.054504
 4.158 0.054185 0.054185
 4.159 0.053350 0.053350
 4.160 0.053070 0.053070
 4.161 0.052260 0.052260
 4.162 0.051970 0.051970
 4.163 0.051707 0.051707
 4.164 0.050954 0.050954
 4.165 0.050662 0.050662
 4.166 0.050426 0.050426
 4.167 0.049699 0.049699
 4.168 0.049482 0.049482
 4.169 0.049287 0.049287
 4.170 0.048631 0.048631
 4.171 0.048422 0.048422
 4.172 0.048206 0.048206
 4.173 0.047529 0.047529
 4.174 0.047352 0.047352
 4.175 0.047181 0.047181
 4.176 0.046582 0.046582
 4.177 0.046491 0.046491
 4.178 0.046410 0.046410
 4.179 0.045883 0.045883
 4.180 0.045838 0.045838
 4.181 0.045811 0.045811
 4.182 0.045314 0.045314
 4.183 0.045240 0.045240
 4.184 0.045210 0.045210
 4.185 0.044702 0.044702
 4.186 0.044663 0.044663
 4.187 0.044629 0.044629
 4.188 0.044128 0.044128
 4.189 0.043911 0.043911
 4.190 0.043672 0.043672
 4.191 0.043513 0.043513
 4.192 0.043011 0.043011
 4.193 0.042952 0.042952
 4.194 0.042881 0.042881
 4.195 0.042338 0.042338
 4.196 0.042228 0.042228
 4.197 0.042129 0.042129
 4.198 0.041568 0.041568
 4.199 0.041443 0.041443
 4.200 0.041304 0.041304
 4.201 0.040740 0.040740
 4.202 0.040464 0.040464
 4.203 0.040199 0.040199
 4.204 0.040027 0.040027
 4.205 0.039500 0.039500
 4.206 0.039388 0.039388
 4.207 0.039276 0.039276
 4.208 0.038721 0.038721
 4.209 0.038606 0.038606
 4.210 0.038501 0.038501
 4.211 0.037950 0.037950
 4.212 0.037700 0.037700
 4.213 0.037389 0.037389
 4.214 0.037144 0.037144
 4.215 0.036585 0.036585
 4.216 0.036468 0.036468
 4.217 0.036377 0.036377
 4.218 0.035855 0.035855
 4.219 0.035615 0.035615
 4.220 0.035328 0.035328
 4.221 0.035098 0.035098
 4.222 0.034523 0.034523
 4.223 0.034283 0.034283
 4.224 0.034048 0.034048
 4.225 0.033464 0.033464
 4.226 0.033298 0.033298
 4.227 0.033067 0.033067
 4.228 0.032904 0.032904
 4.229 0.032359 0.032359
 4.230 0.032214 0.032214
 4.231 0.032057 0.032057
 4.232 0.031532 0.031532
 4.233 0.031263 0.031263
 4.234 0.031003 0.031003
 4.235 0.030845 0.030845
 4.236 0.030422 0.030422
 4.237 0.030275 0.030275
 4.238 0.030090 0.030090
 4.239 0.029938 0.029938
 4.240 0.029514 0.029514
 4.241 0.029373 0.029373
 4.242 0.029236 0.029236
 4.243 0.028750 0.028750
 4.244 0.028652 0.028652
 4.245 0.028525 0.028525
 4.246 0.028481 0.028481
 4.247 0.028058 0.028058
 4.248 0.027928 0.027928
 4.249 0.027707 0.027707
 4.250 0.027562 0.027562
 4.251 0.027135 0.027135
 4.252 0.027077 0.027077
 4.253 0.026958 0.026958
 4.254 0.026910 0.026910
 4.255 0.026507 0.026507
 4.256 0.026373 0.026373
 4.257 0.026154 0.026154
 4.258 0.026007 0.026007
 4.259 0.025639 0.025639
 4.260 0.025604 0.025604
 4.261 0.025515 0.025515
 4.262 0.025476 0.025476
 4.263 0.025121 0.025121
 4.264 0.025008 0.025008
 4.265 0.024839 0.024839
 4.266 0.024737 0.024737
 4.267 0.024443 0.024443
 4.268 0.024436 0.024436
 4.269 0.024386 0.024386
 4.270 0.024383 0.024383
 4.271 0.024102 0.024102
 4.272 0.024022 0.024022
 4.273 0.023914 0.023914
 4.274 0.023879 0.023879
 4.275 0.023634 0.023634
 4.276 0.023659 0.023659
 4.277 0.023638 0.023638
 4.278 0.023645 0.023645
 4.279 0.023419 0.023419
 4.280 0.023396 0.023396
 4.281 0.023326 0.023326
 4.282 0.023254 0.023254
 4.283 0.023326 0.023326
 4.284 0.023082 0.023082
 4.285 0.023058 0.023058
 4.286 0.022969 0.022969
 4.287 0.022938 0.022938
 4.288 0.022693 0.022693
 4.289 0.022736 0.022736
 4.290 0.022721 0.022721
 4.291 0.022737 0.022737
 4.292 0.022478 0.022478
 4.293 0.022446 0.022446
 4.294 0.022359 0.022359
 4.295 0.022256 0.022256
 4.296 0.022314 0.022314
 4.297 0.022032 0.022032
 4.298 0.021997 0.021997
 4.299 0.021876 0.021876
 4.300 0.021818 0.021818
 4.301 0.021547 0.021547
 4.302 0.021585 0.021585
 4.303 0.021499 0.021499
 4.304 0.021363 0.021363
 4.305 0.021321 0.021321
 4.306 0.021006 0.021006
 4.307 0.021015 0.021015
 4.308 0.020895 0.020895
 4.309 0.020802 0.020802
 4.310 0.020758 0.020758
 4.311 0.020422 0.020422
 4.312 0.020356 0.020356
 4.313 0.020288 0.020288
 4.314 0.020304 0.020304
 4.315 0.020017 0.020017
 4.316 0.019975 0.019975
 4.317 0.019817 0.019817
 4.318 0.019725 0.019725
 4.319 0.019760 0.019760
 4.320 0.019515 0.019515
 4.321 0.019489 0.019489
 4.322 0.019374 0.019374
 4.323 0.019249 0.019249
 4.324 0.019186 0.019186
 4.325 0.018827 0.018827
 4.326 0.018794 0.018794
 4.327 0.018762 0.018762
 4.328 0.018730 0.018730
 4.329 0.018700 0.018700
 4.330 0.018346 0.018346
 4.331 0.018317 0.018317
 4.332 0.018288 0.018288
 4.333 0.018259 0.018259
 4.334 0.018231 0.018231
 4.335 0.017885 0.017885
 4.336 0.017859 0.017859
 4.337 0.017834 0.017834
 4.338 0.017809 0.017809
 4.339 0.017784 0.017784
 4.340 0.017442 0.017442
 4.341 0.017420 0.017420
 4.342 0.017396 0.017396
 4.343 0.017374 0.017374
 4.344 0.017352 0.017352
 4.345 0.017332 0.017332
 4.346 0.016997 0.016997
 4.347 0.016977 0.016977
 4.348 0.016958 0.016958
 4.349 0.016940 0.016940
 4.350 0.016923 0.016923
 4.351 0.016592 0.016592
 4.352 0.016576 0.016576
 4.353 0.016560 0.016560
 4.354 0.016545 0.016545
 4.355 0.016530 0.016530
 4.356 0.016203 0.016203
 4.357 0.016190 0.016190
 4.358 0.016176 0.016176
 4.359 0.016164 0.016164
 4.360 0.016152 0.016152
 4.361 0.016140 0.016140
 4.362 0.015820 0.015820
 4.363 0.015809 0.015809
 4.364 0.015799 0.015799
 4.365 0.015789 0.015789
 4.366 0.015781 0.015781
 4.367 0.015463 0.015463
 4.368 0.015455 0.015455
 4.369 0.015448 0.015448
 4.370 0.015441 0.015441
 4.371 0.015435 0.015435
 4.372 0.015429 0.015429
 4.373 0.015117 0.015117
 4.374 0.015112 0.015112
 4.375 0.015107 0.015107
 4.376 0.015103 0.015103
 4.377 0.015100 0.015100
 4.378 0.015097 0.015097
 4.379 0.014787 0.014787
 4.380 0.014785 0.014785
 4.381 0.014784 0.014784
 4.382 0.014783 0.014783
 4.383 0.014783 0.014783
 4.384 0.014783 0.014783
 4.385 0.014475 0.014475
 4.386 0.014475 0.014475
 4.387 0.014475 0.014475
 4.388 0.014475 0.014475
 4.389 0.014475 0.014475
 4.390 0.014475 0.014475
 4.391 0.014166 0.014166
 4.392 0.014166 0.014166
 4.393 0.014166 0.014166
 4.394 0.014166 0.014166
 4.395 0.014166 0.014166
 4.396 0.014166 0.014166
 4.397 0.013858 0.013858
 4.398 0.013858 0.013858
 4.399 0.013858 0.013858
 4.400 0.013858 0.013858
 4.401 0.013858 0.013858
 4.402 0.013858 0.013858
 4.403 0.013858 0.013858
 4.404 0.013550 0.013550
 4.405 0.013550 0.013550
 4.406 0.013550 0.013550
 4.407 0.013550 0.013550
 4.408 0.013550 0.013550
 4.409 0.013550 0.013550
 4.410 0.013243 0.013243
 4.411 0.013243 0.013243
 4.412 0.013243 0.013243
 4.413 0.013243 0.013243
 4.414 0.013243 0.013243
 4.415 0.013243 0.013243
 4.416 0.013243 0.013243
 4.417 0.012934 0.012934
 4.418 0.012934 0.012934
 4.419 0.012934 0.012934
 4.420 0.012934 0.012934
 4.421 0.012934 0.012934
 4.422 0.012934 0.012934
 4.423 0.012934 0.012934
 4.424 0.012626 0.012626
 4.425 0.012626 0.012626
 4.426 0.012626 0.012626
 4.427 0.012626 0.012626
 4.428 0.012626 0.012626
 4.429 0.012626 0.012626
 4.430 0.012626 0.012626
 4.431 0.012319 0.012319
 4.432 0.012319 0.012319
 4.433 0.012319 0.012319
 4.434 0.012319 0.012319
 4.435 0.012319 0.012319
 4.436 0.012319 0.012319
 4.437 0.012319 0.012319
 4.438 0.012011 0.012011
 4.439 0.012011 0.012011
 4.440 0.012011 0.012011
 4.441 0.012011 0.012011
 4.442 0.012011 0.012011
 4.443 0.012011 0.012011
 4.444 0.012011 0.012011
 4.445 0.011701 0.011701
 4.446 0.011701 0.011701
 4.447 0.011701 0.011701
 4.448 0.011701 0.011701
 4.449 0.011701 0.011701
 4.450 0.011701 0.011701
 4.451 0.011701 0.011701
 4.452 0.011701 0.011701
 4.453 0.011394 0.011394
 4.454 0.011394 0.011394
 4.455 0.011394 0.011394
 4.456 0.011394 0.011394
 4.457 0.011394 0.011394
 4.458 0.011394 0.011394
 4.459 0.011394 0.011394
 4.460 0.011086 0.011086
 4.461 0.011086 0.011086
 4.462 0.011086 0.011086
 4.463 0.011086 0.011086
 4.464 0.011086 0.011086
 4.465 0.011086 0.011086
 4.466 0.011086 0.011086
 4.467 0.011086 0.011086
 4.468 0.010778 0.010778
 4.469 0.010778 0.010778
 4.470 0.010778 0.010778
 4.471 0.010778 0.010778
 4.472 0.010778 0.010778
 4.473 0.010778 0.010778
 4.474 0.010778 0.010778
 4.475 0.010778 0.010778
 4.476 0.010471 0.010471
 4.477 0.010471 0.010471
 4.478 0.010471 0.010471
 4.479 0.010471 0.010471
 4.480 0.010471 0.010471
 4.481 0.010471 0.010471
 4.482 0.010471 0.010471
 4.483 0.010471 0.010471
 4.484 0.010471 0.010471
 4.485 0.010163 0.010163
 4.486 0.010163 0.010163
 4.487 0.010163 0.010163
 4.488 0.010163 0.010163
 4.489 0.010163 0.010163
 4.490 0.010163 0.010163
 4.491 0.010163 0.010163
 4.492 0.010163 0.010163
 4.493 0.009855 0.009855
 4.494 0.009855 0.009855
 4.495 0.009855 0.009855
 4.496 0.009855 0.009855
 4.497 0.009855 0.009855
 4.498 0.009855 0.009855
 4.499 0.009855 0.009855
 4.500 0.009855 0.009855
 4.501 0.009855 0.009855
 4.502 0.009547 0.009547
 4.503 0.009547 0.009547
 4.504 0.009547 0.009547
 4.505 0.009547 0.009547
 4.506 0.009547 0.009547
 4.507 0.009547 0.009547
 4.508 0.009547 0.009547
 4.509 0.009547 0.009547
 4.510 0.009547 0.009547
 4.511 0.009240 0.009240
 4.512 0.009240 0.009240
 4.513 0.009240 0.009240
 4.514 0.009240 0.009240
 4.515 0.009240 0.009240
 4.516 0.009240 0.009240
 4.517 0.009240 0.009240
 4.518 0.009240 0.009240
 4.519 0.009240 0.009240
 4.520 0.009240 0.009240
 4.521 0.008930 0.008930
 4.522 0.008930 0.008930
 4.523 0.008930 0.008930
 4.524 0.008930 0.008930
 4.525 0.008930 0.008930
 4.526 0.008930 0.008930
 4.527 0.008930 0.008930
 4.528 0.008930 0.008930
 4.529 0.008930 0.008930
 4.530 0.008622 0.008622
 4.531 0.008622 0.008622
 4.532 0.008622 0.008622
 4.533 0.008622 0.008622
 4.534 0.008622 0.008622
 4.535 0.008622 0.008622
 4.536 0.008622 0.008622
 4.537 0.008622 0.008622
 4.538 0.008622 0.008622
 4.539 0.008622 0.008622
 4.540 0.008315 0.008315
 4.541 0.008315 0.008315
 4.542 0.008315 0.008315
 4.543 0.008315 0.008315
 4.544 0.008315 0.008315
 4.545 0.008315 0.008315
 4.546 0.008315 0.008315
 4.547 0.008315 0.008315
 4.548 0.008315 0.008315
 4.549 0.008315 0.008315
 4.550 0.008315 0.008315
 4.551 0.008007 0.008007
 4.552 0.008007 0.008007
 4.553 0.008007 0.008007
 4.554 0.008007 0.008007
 4.555 0.008007 0.008007
 4.556 0.008007 0.008007
 4.557 0.008007 0.008007
 4.558 0.008007 0.008007
 4.559 0.008007 0.008007
 4.560 0.008007 0.008007
 4.561 0.008007 0.008007
 4.562 0.007699 0.007699
 4.563 0.007699 0.007699
 4.564 0.007699 0.007699
 4.565 0.007699 0.007699
 4.566 0.007699 0.007699
 4.567 0.007699 0.007699
 4.568 0.007699 0.007699
 4.569 0.007699 0.007699
 4.570 0.007699 0.007699
 4.571 0.007699 0.007699
 4.572 0.007699 0.007699
 4.573 0.007391 0.007391
 4.574 0.007391 0.007391
 4.575 0.007391 0.007391
 4.576 0.007391 0.007391
 4.577 0.007391 0.007391
 4.578 0.007391 0.007391
 4.579 0.007391 0.007391
 4.580 0.007391 0.007391
 4.581 0.007391 0.007391
 4.582 0.007391 0.007391
 4.583 0.007391 0.007391
 4.584 0.007391 0.007391
 4.585 0.007083 0.007083
 4.586 0.007083 0.007083
 4.587 0.007083 0.007083
 4.588 0.007083 0.007083
 4.589 0.007083 0.007083
 4.590 0.007083 0.007083
 4.591 0.007083 0.007083
 4.592 0.007083 0.007083
 4.593 0.007083 0.007083
 4.594 0.007083 0.007083
 4.595 0.007083 0.007083
 4.596 0.007083 0.007083
 4.597 0.006775 0.006775
 4.598 0.006775 0.006775
 4.599 0.006775 0.006775
 4.600 0.006775 0.006775
 4.601 0.006775 0.006775
 4.602 0.006775 0.006775
 4.603 0.006775 0.006775
 4.604 0.006775 0.006775
 4.605 0.006775 0.006775
 4.606 0.006775 0.006775
 4.607 0.006775 0.006775
 4.608 0.006775 0.006775
 4.609 0.006775 0.006775
 4.610 0.006467 0.006467
 4.611 0.006467 0.006467
 4.612 0.006467 0.006467
 4.613 0.006467 0.006467
 4.614 0.006467 0.006467
 4.615 0.006467 0.006467
 4.616 0.006467 0.006467
 4.617 0.006467 0.006467
 4.618 0.006467 0.006467
 4.619 0.006467 0.006467
 4.620 0.006467 0.006467
 4.621 0.006467 0.006467
 4.622 0.006467 0.006467
 4.623 0.006158 0.006158
 4.624 0.006158 0.006158
 4.625 0.006158 0.006158
 4.626 0.006158 0.006158
 4.627 0.006158 0.006158
 4.628 0.006158 0.006158
 4.629 0.006158 0.006158
 4.630 0.006158 0.006158
 4.631 0.006158 0.006158
 4.632 0.006158 0.006158
 4.633 0.006158 0.006158
 4.634 0.006158 0.006158
 4.635 0.006158 0.006158
 4.636 0.006158 0.006158
 4.637 0.005850 0.005850
 4.638 0.005850 0.005850
 4.639 0.005850 0.005850
 4.640 0.005850 0.005850
 4.641 0.005850 0.005850
 4.642 0.005850 0.005850
 4.643 0.005850 0.005850
 4.644 0.005850 0.005850
 4.645 0.005850 0.005850
 4.646 0.005850 0.005850
 4.647 0.005850 0.005850
 4.648 0.005850 0.005850
 4.649 0.005850 0.005850
 4.650 0.005850 0.005850
 4.651 0.005543 0.005543
 4.652 0.005543 0.005543
 4.653 0.005543 0.005543
 4.654 0.005543 0.005543
 4.655 0.005543 0.005543
 4.656 0.005543 0.005543
 4.657 0.005543 0.005543
 4.658 0.005543 0.005543
 4.659 0.005543 0.005543
 4.660 0.005543 0.005543
 4.661 0.005543 0.005543
 4.662 0.005543 0.005543
 4.663 0.005543 0.005543
 4.664 0.005543 0.005543
 4.665 0.005543 0.005543
 4.666 0.005543 0.005543
 4.667 0.005236 0.005236
 4.668 0.005236 0.005236
 4.669 0.005236 0.005236
 4.670 0.005236 0.005236
 4.671 0.005236 0.005236
 4.672 0.005236 0.005236
 4.673 0.005236 0.005236
 4.674 0.005236 0.005236
 4.675 0.005236 0.005236
 4.676 0.005236 0.005236
 4.677 0.005236 0.005236
 4.678 0.005236 0.005236
 4.679 0.005236 0.005236
 4.680 0.005236 0.005236
 4.681 0.005236 0.005236
 4.682 0.005236 0.005236
 4.683 0.004928 0.004928
 4.684 0.004928 0.004928
 4.685 0.004928 0.004928
 4.686 0.004928 0.004928
 4.687 0.004928 0.004928
 4.688 0.004928 0.004928
 4.689 0.004928 0.004928
 4.690 0.004928 0.004928
 4.691 0.004928 0.004928
 4.692 0.004928 0.004928
 4.693 0.004928 0.004928
 4.694 0.004928 0.004928
 4.695 0.004928 0.004928
 4.696 0.004928 0.004928
 4.697 0.004928 0.004928
 4.698 0.004928 0.004928
 4.699 0.004928 0.004928
 4.700 0.004928 0.004928
 4.701 0.004619 0.004619
 4.702 0.004619 0.004619
 4.703 0.004619 0.004619
 4.704 0.004619 0.004619
 4.705 0.004619 0.004619
 4.706 0.004619 0.004619
 4.707 0.004619 0.004619
 4.708 0.004619 0.004619
 4.709 0.004619 0.004619
 4.710 0.004619 0.004619
 4.711 0.004619 0.004619
 4.712 0.004619 0.004619
 4.713 0.004619 0.004619
 4.714 0.004619 0.004619
 4.715 0.004619 0.004619
 4.716 0.004619 0.004619
 4.717 0.004619 0.004619
 4.718 0.004619 0.004619
 4.719 0.004312 0.004312
 4.720 0.004312 0.004312
 4.721 0.004312 0.004312
 4.722 0.004312 0.004312
 4.723 0.004312 0.004312
 4.724 0.004312 0.004312
 4.725 0.004312 0.004312
 4.726 0.004312 0.004312
 4.727 0.004312 0.004312
 4.728 0.004312 0.004312
 4.729 0.004312 0.004312
 4.730 0.004312 0.004312
 4.731 0.004312 0.004312
 4.732 0.004312 0.004312
 4.733 0.004312 0.004312
 4.734 0.004312 0.004312
 4.735 0.004312 0.004312
 4.736 0.004312 0.004312
 4.737 0.004312 0.004312
 4.738 0.004312 0.004312
 4.739 0.004004 0.004004
 4.740 0.004004 0.004004
 4.741 0.004004 0.004004
 4.742 0.004004 0.004004
 4.743 0.004004 0.004004
 4.744 0.004004 0.004004
 4.745 0.004004 0.004004
 4.746 0.004004 0.004004
 4.747 0.004004 0.004004
 4.748 0.004004 0.004004
 4.749 0.004004 0.004004
 4.750 0.004004 0.004004
 4.751 0.004004 0.004004
 4.752 0.004004 0.004004
 4.753 0.004004 0.004004
 4.754 0.004004 0.004004
 4.755 0.004004 0.004004
 4.756 0.004004 0.004004
 4.757 0.004004 0.004004
 4.758 0.004004 0.004004
 4.759 0.004004 0.004004
 4.760 0.003695 0.003695
 4.761 0.003695 0.003695
 4.762 0.003695 0.003695
 4.763 0.003695 0.003695
 4.764 0.003695 0.003695
 4.765 0.003695 0.003695
 4.766 0.003695 0.003695
 4.767 0.003695 0.003695
 4.768 0.003695 0.003695
 4.769 0.003695 0.003695
 4.770 0.003695 0.003695
 4.771 0.003695 0.003695
 4.772 0.003695 0.003695
 4.773 0.003695 0.003695
 4.774 0.003695 0.003695
 4.775 0.003695 0.003695
 4.776 0.003695 0.003695
 4.777 0.003695 0.003695
 4.778 0.003695 0.003695
 4.779 0.003695 0.003695
 4.780 0.003695 0.003695
 4.781 0.003695 0.003695
 4.782 0.003695 0.003695
 4.783 0.003388 0.003388
 4.784 0.003388 0.003388
 4.785 0.003388 0.003388
 4.786 0.003388 0.003388
 4.787 0.003388 0.003388
 4.788 0.003388 0.003388
 4.789 0.003388 0.003388
 4.790 0.003388 0.003388
 4.791 0.003388 0.003388
 4.792 0.003388 0.003388
 4.793 0.003388 0.003388
 4.794 0.003388 0.003388
 4.795 0.003388 0.003388
 4.796 0.003388 0.003388
 4.797 0.003388 0.003388
 4.798 0.003388 0.003388
 4.799 0.003388 0.003388
 4.800 0.003388 0.003388
 4.801 0.003388 0.003388
 4.802 0.003388 0.003388
 4.803 0.003388 0.003388
 4.804 0.003388 0.003388
 4.805 0.003388 0.003388
 4.806 0.003388 0.003388
 4.807 0.003388 0.003388
 4.808 0.003080 0.003080
 4.809 0.003080 0.003080
 4.810 0.003080 0.003080
 4.811 0.003080 0.003080
 4.812 0.003080 0.003080
 4.813 0.003080 0.003080
 4.814 0.003080 0.003080
 4.815 0.003080 0.003080
 4.816 0.003080 0.003080
 4.817 0.003080 0.003080
 4.818 0.003080 0.003080
 4.819 0.003080 0.003080
 4.820 0.003080 0.003080
 4.821 0.003080 0.003080
 4.822 0.003080 0.003080
 4.823 0.003080 0.003080
 4.824 0.003080 0.003080
 4.825 0.003080 0.003080
 4.826 0.003080 0.003080
 4.827 0.003080 0.003080
 4.828 0.003080 0.003080
 4.829 0.003080 0.003080
 4.830 0.003080 0.003080
 4.831 0.003080 0.003080
 4.832 0.003080 0.003080
 4.833 0.003080 0.003080
 4.834 0.003080 0.003080
 4.835 0.002772 0.002772
 4.836 0.002772 0.002772
 4.837 0.002772 0.002772
 4.838 0.002772 0.002772
 4.839 0.002772 0.002772
 4.840 0.002772 0.002772
 4.841 0.002772 0.002772
 4.842 0.002772 0.002772
 4.843 0.002772 0.002772
 4.844 0.002772 0.002772
 4.845 0.002772 0.002772
 4.846 0.002772 0.002772
 4.847 0.002772 0.002772
 4.848 0.002772 0.002772
 4.849 0.002772 0.002772
 4.850 0.002772 0.002772
 4.851 0.002772 0.002772
 4.852 0.002772 0.002772
 4.853 0.002772 0.002772
 4.854 0.002772 0.002772
 4.855 0.002772 0.002772
 4.856 0.002772 0.002772
 4.857 0.002772 0.002772
 4.858 0.002772 0.002772
 4.859 0.002772 0.002772
 4.860 0.002772 0.002772
 4.861 0.002772 0.002772
 4.862 0.002772 0.002772
 4.863 0.002772 0.002772
 4.864 0.002772 0.002772
 4.865 0.002465 0.002465
 4.866 0.002465 0.002465
 4.867 0.002465 0.002465
 4.868 0.002465 0.002465
 4.869 0.002465 0.002465
 4.870 0.002465 0.002465
 4.871 0.002465 0.002465
 4.872 0.002465 0.002465
 4.873 0.002465 0.002465
 4.874 0.002465 0.002465
 4.875 0.002465 0.002465
 4.876 0.002465 0.002465
 4.877 0.002465 0.002465
 4.878 0.002465 0.002465
 4.879 0.002465 0.002465
 4.880 0.002465 0.002465
 4.881 0.002465 0.002465
 4.882 0.002465 0.002465
 4.883 0.002465 0.002465
 4.884 0.002465 0.002465
 4.885 0.002465 0.002465
 4.886 0.002465 0.002465
 4.887 0.002465 0.002465
 4.888 0.002465 0.002465
 4.889 0.002465 0.002465
 4.890 0.002465 0.002465
 4.891 0.002465 0.002465
 4.892 0.002465 0.002465
 4.893 0.002465 0.002465
 4.894 0.002465 0.002465
 4.895 0.002465 0.002465
 4.896 0.002465 0.002465
 4.897 0.002465 0.002465
 4.898 0.002465 0.002465
 4.899 0.002157 0.002157
 4.900 0.002157 0.002157
 4.901 0.002157 0.002157
 4.902 0.002157 0.002157
 4.903 0.002157 0.002157
 4.904 0.002157 0.002157
 4.905 0.002157 0.002157
 4.906 0.002157 0.002157
 4.907 0.002157 0.002157
 4.908 0.002157 0.002157
 4.909 0.002157 0.002157
 4.910 0.002157 0.002157
 4.911 0.002157 0.002157
 4.912 0.002157 0.002157
 4.913 0.002157 0.002157
 4.914 0.002157 0.002157
 4.915 0.002157 0.002157
 4.916 0.002157 0.002157
 4.917 0.002157 0.002157
 4.918 0.002157 0.002157
 4.919 0.002157 0.002157
 4.920 0.002157 0.002157
 4.921 0.002157 0.002157
 4.922 0.002157 0.002157
 4.923 0.002157 0.002157
 4.924 0.002157 0.002157
 4.925 0.002157 0.002157
 4.926 0.002157 0.002157
 4.927 0.002157 0.002157
 4.928 0.002157 0.002157
 4.929 0.002157 0.002157
 4.930 0.002157 0.002157
 4.931 0.002157 0.002157
 4.932 0.002157 0.002157
 4.933 0.002157 0.002157
 4.934 0.002157 0.002157
 4.935 0.002157 0.002157
 4.936 0.002157 0.002157
 4.937 0.002157 0.002157
 4.938 0.001848 0.001848
 4.939 0.001848 0.001848
 4.940 0.001848 0.001848
 4.941 0.001848 0.001848
 4.942 0.001848 0.001848
 4.943 0.001848 0.001848
 4.944 0.001848 0.001848
 4.945 0.001848 0.001848
 4.946 0.001848 0.001848
 4.947 0.001848 0.001848
 4.948 0.001848 0.001848
 4.949 0.001848 0.001848
 4.950 0.001848 0.001848
 4.951 0.001848 0.001848
 4.952 0.001848 0.001848
 4.953 0.001848 0.001848
 4.954 0.001848 0.001848
 4.955 0.001848 0.001848
 4.956 0.001848 0.001848
 4.957 0.001848 0.001848
 4.958 0.001848 0.001848
 4.959 0.001848 0.001848
 4.960 0.001848 0.001848
 4.961 0.001848 0.001848
 4.962 0.001848 0.001848
 4.963 0.001848 0.001848
 4.964 0.001848 0.001848
 4.965 0.001848 0.001848
 4.966 0.001848 0.001848
 4.967 0.001848 0.001848
 4.968 0.001848 0.001848
 4.969 0.001848 0.001848
 4.970 0.001848 0.001848
 4.971 0.001848 0.001848
 4.972 0.001848 0.001848
 4.973 0.001848 0.001848
 4.974 0.001848 0.001848
 4.975 0.001848 0.001848
 4.976 0.001848 0.001848
 4.977 0.001848 0.001848
 4.978 0.001848 0.001848
 4.979 0.001848 0.001848
 4.980 0.001848 0.001848
 4.981 0.001848 0.001848
 4.982 0.001540 0.001540
 4.983 0.001540 0.001540
 4.984 0.001540 0.001540
 4.985 0.001540 0.001540
 4.986 0.001540 0.001540
 4.987 0.001540 0.001540
 4.988 0.001540 0.001540
 4.989 0.001540 0.001540
 4.990 0.001540 0.001540
 4.991 0.001540 0.001540
 4.992 0.001540 0.001540
 4.993 0.001540 0.001540
 4.994 0.001540 0.001540
 4.995 0.001540 0.001540
 4.996 0.001540 0.001540
 4.997 0.001540 0.001540
 4.998 0.001540 0.001540
 4.999 0.001540 0.001540
 5.000 0.001540 0.001540
